0 430
0 32
1 31
1 45
1 68
1 11
2 6
2 31
3 4
3 12
3 13
4 3
4 32
5 6
5 10
6 2
6 5
6 11
6 16
7 8
7 11
8 7
8 9
8 52
9 8
9 407
9 416
10 11
10 5
10 19
10 43
11 10
11 14
11 6
11 1
11 7
12 22
12 3
13 15
13 3
13 16
14 15
14 17
14 11
15 14
15 13
16 6
16 13
17 14
17 20
17 28
18 23
18 26
18 416
19 1114
19 10
19 1113
19 29
20 27
20 25
20 17
21 26
21 419
21 30
21 27
22 25
22 12
23 18
23 67
23 59
24 26
25 22
25 20
26 24
26 18
26 21
27 20
27 21
27 426
28 29
28 17
29 28
29 1116
29 19
29 30
30 1115
30 21
30 29
31 2
31 1
32 4
32 0
33 35
33 44
33 47
34 39
34 44
35 33
35 433
36 41
36 37
36 407
37 38
37 36
37 45
38 37
39 49
39 34
39 76
40 46
40 68
40 44
41 36
41 433
41 52
42 51
42 73
42 86
43 46
43 10
44 34
44 33
44 49
44 55
44 40
45 52
45 37
45 46
45 1
46 40
46 48
46 43
46 45
47 51
47 50
47 33
48 54
48 46
49 39
49 93
49 44
49 60
50 47
50 436
50 473
51 47
51 42
51 94
52 45
52 53
52 41
52 8
53 52
53 55
54 56
54 48
54 60
55 53
55 61
55 44
55 63
56 54
56 57
56 62
57 59
57 56
58 94
58 102
59 63
59 57
59 1113
59 23
60 54
60 62
60 66
60 49
61 445
61 65
61 55
62 64
62 56
62 60
62 63
63 59
63 62
63 55
64 62
64 1135
65 61
65 1134
65 66
66 1136
66 60
66 65
67 23
67 445
67 1137
68 40
68 1
69 81
70 76
71 77
72 75
72 79
73 74
73 42
73 79
74 73
74 114
75 459
75 72
76 70
76 80
76 88
76 39
77 81
77 87
77 71
78 81
78 80
79 73
79 473
79 72
79 468
80 82
80 78
80 76
81 83
81 78
81 77
81 69
82 80
82 84
83 81
84 92
84 82
85 87
85 96
85 92
86 90
86 88
86 93
86 42
87 85
87 77
87 117
88 86
88 76
89 91
89 100
89 463
90 86
90 92
91 89
91 92
91 105
92 84
92 91
92 90
92 85
92 97
93 94
93 86
93 49
94 93
94 58
94 51
95 100
95 120
95 129
96 106
96 101
96 85
97 101
97 92
97 103
98 102
98 99
99 98
100 89
100 95
100 476
100 107
101 97
101 104
101 96
102 98
102 103
102 58
103 102
103 110
103 97
104 101
105 107
105 91
105 112
105 110
106 96
106 1168
106 1166
107 111
107 109
107 105
107 100
108 112
108 111
108 484
109 1166
109 107
109 376
110 1172
110 103
110 105
111 108
111 107
112 108
112 743
112 105
112 1173
113 114
114 113
114 74
115 119
115 120
116 117
116 123
117 116
117 87
118 119
118 388
119 126
119 123
119 118
119 115
120 134
120 95
120 751
120 459
120 115
121 122
122 123
122 127
122 121
123 122
123 119
123 116
124 125
125 124
125 127
126 130
126 119
127 122
127 125
127 131
128 129
128 130
129 128
129 95
130 126
130 374
130 132
130 128
131 132
131 127
131 133
131 370
132 131
132 130
133 131
134 120
134 376
135 136
135 2066
136 135
136 2152
136 2062
137 2070
137 2152
138 171
138 1132
138 142
139 1131
139 141
139 144
139 1126
140 146
140 1133
140 141
140 1126
141 145
141 140
141 139
141 1127
141 150
142 151
142 138
142 886
142 1130
143 145
143 148
144 150
144 139
144 881
145 143
145 147
145 141
146 149
146 140
146 152
147 145
147 155
148 149
148 143
149 153
149 146
149 148
150 144
150 156
150 141
151 152
151 142
152 151
152 146
152 160
153 149
153 154
153 1485
154 153
154 155
155 154
155 147
155 156
156 159
156 150
156 155
157 887
157 169
158 159
158 163
159 158
159 156
160 164
160 162
160 152
161 164
161 166
162 160
163 169
163 158
164 160
164 161
164 2176
164 167
165 169
165 168
166 161
167 164
167 2179
168 165
168 2175
169 165
169 163
169 157
170 171
170 1157
171 138
171 170
171 175
172 177
172 181
172 1160
173 176
173 1161
174 181
174 179
174 1165
175 181
175 171
176 180
176 173
176 177
177 172
177 176
178 179
178 912
179 178
179 174
179 183
180 176
180 1509
181 175
181 174
181 1481
181 172
182 1480
182 1506
183 1480
183 179
183 1481
183 1505
184 907
184 912
184 1482
185 186
185 1032
185 840
185 830
186 185
186 187
187 1017
187 186
187 191
187 1031
188 189
188 572
188 570
189 195
189 188
190 576
190 582
191 200
191 203
191 187
192 201
192 197
192 198
193 196
193 840
193 203
194 576
194 295
195 189
195 198
195 197
195 212
196 193
196 207
196 842
196 848
197 204
197 192
197 195
198 192
198 202
198 195
199 209
199 233
200 201
200 191
201 200
201 192
201 210
202 205
202 582
202 198
203 206
203 191
203 193
204 197
204 207
205 202
205 584
205 590
206 214
206 203
206 817
207 209
207 211
207 196
207 204
208 213
208 233
208 322
209 207
209 199
209 213
209 1101
210 215
210 201
210 1024
211 207
211 214
211 1720
212 216
212 195
212 1719
213 208
213 209
214 1712
214 1711
214 206
214 211
215 210
215 1715
216 212
216 590
216 1714
216 1721
217 218
217 597
218 217
218 223
218 594
219 933
219 220
220 219
220 930
220 223
221 224
222 597
222 246
222 229
223 228
223 218
223 227
223 220
224 225
224 221
224 226
224 963
225 224
225 930
225 942
226 224
226 228
226 253
227 574
227 223
228 230
228 232
228 223
228 226
229 232
229 609
229 222
230 228
230 236
231 235
231 232
232 228
232 229
232 231
233 208
233 234
233 199
234 233
234 941
234 325
235 231
235 324
236 230
236 323
236 326
236 2748
237 1714
237 591
238 243
238 242
238 245
239 242
239 264
240 241
240 244
241 240
242 244
242 238
242 239
243 238
243 251
244 240
244 242
244 247
245 248
245 238
245 615
246 222
246 250
247 251
247 244
247 249
248 252
248 245
249 957
249 257
249 961
249 247
250 246
250 254
250 253
251 247
251 243
252 248
252 254
252 255
253 250
253 258
253 226
254 252
254 635
254 250
254 627
255 633
255 256
255 252
255 712
256 282
256 255
257 259
257 249
257 998
258 635
258 253
258 260
259 257
259 262
259 971
260 261
260 327
260 258
261 260
261 352
262 1859
262 259
262 350
262 354
263 264
263 983
264 267
264 239
264 263
265 651
265 266
266 269
266 272
266 265
267 264
267 272
268 269
268 649
268 270
269 271
269 266
269 268
270 992
270 268
271 269
271 274
272 267
272 266
272 276
272 282
273 274
273 277
274 278
274 273
274 281
274 271
275 284
275 992
276 281
276 272
276 279
277 280
277 273
278 274
278 283
278 285
279 284
279 276
279 1860
280 277
281 276
281 274
282 256
282 1857
282 272
283 278
283 1867
284 279
284 275
284 532
285 278
285 2053
285 1861
286 293
287 290
287 571
288 292
288 567
289 567
289 293
290 291
290 287
290 1031
291 290
291 1008
291 567
292 288
292 294
293 286
293 299
293 289
294 297
294 292
295 1008
295 555
295 194
295 558
296 298
296 579
297 294
297 1016
297 556
298 299
298 296
298 560
299 298
299 557
299 293
300 302
300 1726
300 683
301 1728
301 302
302 300
302 301
303 338
303 305
303 2415
304 1731
304 1695
304 315
305 499
305 303
305 2413
305 1725
306 680
306 316
306 677
307 1730
307 309
307 2411
308 1695
308 314
309 307
309 316
310 313
310 315
311 313
311 312
312 311
312 2743
313 310
313 311
313 318
314 317
314 318
314 308
314 2417
315 310
315 1699
315 304
316 320
316 306
316 309
316 2424
317 314
317 1706
318 313
318 2414
318 314
319 2418
319 2414
319 2419
320 2412
320 316
321 1282
321 2411
322 324
322 328
322 208
323 329
323 236
323 332
324 322
324 235
324 1718
324 1714
325 328
325 2749
325 1101
325 234
326 331
326 328
326 236
327 355
327 260
327 329
328 326
328 322
328 325
328 1718
329 323
329 333
329 327
330 331
330 333
331 330
331 326
331 335
332 334
332 323
333 329
333 330
334 336
334 332
335 338
335 331
335 343
336 334
336 341
337 345
337 497
338 340
338 303
338 335
338 1718
339 341
339 707
340 342
340 338
340 343
341 339
341 708
341 336
341 346
342 340
342 346
342 2412
342 677
343 348
343 340
343 335
344 497
344 345
345 337
345 344
345 348
345 1850
346 342
346 341
347 349
347 1851
347 348
348 343
348 345
348 1939
348 347
349 1938
349 347
350 351
350 262
351 641
351 350
351 353
352 261
352 971
353 358
353 357
353 351
354 356
354 262
355 357
355 327
356 354
356 510
356 362
357 355
357 353
357 1850
358 353
358 361
358 736
359 365
359 509
360 361
360 2036
360 726
361 364
361 360
361 358
362 363
362 368
362 356
363 362
363 1877
363 367
364 361
364 366
364 367
365 359
365 368
366 364
366 2042
366 1958
367 363
367 1852
367 364
368 362
368 365
369 1850
370 131
370 399
370 1195
370 394
371 374
371 372
372 375
372 371
372 394
373 374
374 371
374 130
374 373
374 376
375 372
375 1191
375 1193
376 374
376 1192
376 109
376 134
377 379
377 378
377 385
378 381
378 377
379 377
380 381
380 386
380 383
381 380
381 378
382 384
382 386
382 393
383 770
383 380
384 382
384 391
385 390
385 377
385 779
386 387
386 380
386 382
387 390
387 386
388 389
388 394
388 118
389 388
389 390
390 387
390 385
390 389
390 395
391 384
391 771
392 393
392 397
393 392
393 382
394 388
394 372
394 370
395 401
395 789
395 390
396 397
396 398
397 396
397 402
397 392
398 401
398 396
398 1296
398 1295
399 400
399 370
400 399
400 1298
401 395
401 398
401 1299
402 397
402 1296
403 408
403 406
404 406
404 407
405 409
405 430
406 404
406 430
406 412
406 403
407 404
407 9
407 36
408 409
408 403
408 410
409 408
409 405
409 411
410 415
410 810
410 408
411 409
411 415
411 417
412 413
412 406
413 412
413 419
414 810
414 423
415 421
415 410
415 411
415 812
416 18
416 427
416 9
417 418
417 411
418 417
418 426
419 413
419 21
419 426
419 422
420 422
420 429
421 415
421 824
422 420
422 428
422 419
423 424
423 823
423 414
424 423
424 429
424 447
425 1322
425 812
426 418
426 1321
426 419
426 27
427 428
427 416
427 1326
428 422
428 427
428 1321
429 424
429 1351
429 420
430 0
430 405
430 406
431 432
431 434
432 431
432 458
433 41
433 35
434 431
434 453
435 804
435 443
435 831
436 437
436 471
436 50
437 436
437 438
437 464
438 439
438 437
438 440
439 438
439 444
440 442
440 438
441 443
441 846
442 440
442 445
443 441
443 435
444 439
444 448
444 482
444 488
445 61
445 442
445 67
446 846
446 447
446 450
447 849
447 446
447 424
447 1348
448 452
448 444
449 451
449 1134
449 743
450 446
450 452
450 1105
451 452
451 449
451 1353
452 448
452 451
452 1347
452 450
453 434
453 464
454 458
455 458
455 462
456 460
456 462
457 460
457 467
458 432
458 454
458 455
459 75
459 463
459 120
460 457
460 456
460 475
460 472
461 464
461 467
462 469
462 455
462 456
462 929
463 459
463 476
463 89
464 461
464 437
464 471
464 453
465 470
465 747
466 472
467 468
467 461
467 457
468 467
468 476
468 79
469 462
469 837
469 482
469 936
470 465
470 477
470 472
471 474
471 464
471 436
472 466
472 478
472 470
472 460
473 474
473 50
473 79
474 471
474 473
474 486
475 479
475 460
476 484
476 100
476 468
476 463
477 470
477 756
478 472
478 740
478 934
479 481
479 480
479 475
480 479
480 487
481 485
481 479
481 758
482 740
482 444
482 469
483 485
483 484
484 476
484 486
484 483
484 108
485 481
485 483
486 488
486 484
486 743
486 474
487 741
487 480
487 740
488 486
488 444
489 493
489 491
489 495
489 2747
490 2749
490 2750
490 499
491 494
491 489
492 2750
492 498
492 2751
493 489
493 1385
494 491
494 496
495 489
495 2751
495 502
496 494
496 521
497 344
497 498
497 337
498 497
498 492
498 502
499 501
499 305
499 2734
499 490
500 501
500 2740
501 500
501 499
501 504
502 503
502 498
502 495
502 2560
503 502
503 504
504 501
504 2562
504 503
505 2562
505 2740
505 1281
506 509
506 536
506 510
507 513
507 971
507 510
508 548
508 1401
508 514
509 506
509 359
509 554
510 356
510 506
510 517
510 507
511 516
511 512
512 514
512 513
512 511
513 512
513 517
513 520
513 507
514 512
514 508
514 518
515 518
515 1042
516 551
516 511
516 1667
517 519
517 513
517 510
517 525
518 515
518 522
518 514
518 523
519 517
520 521
520 513
521 520
521 523
521 2561
521 496
522 518
522 525
522 1236
523 524
523 521
523 518
524 523
524 920
524 1427
525 1426
525 522
525 517
525 1428
526 999
526 1002
526 793
526 1056
527 535
527 532
528 532
528 1000
528 531
529 1005
529 1004
530 531
530 1005
531 530
531 528
531 542
532 1866
532 528
532 527
532 538
532 284
533 537
533 1002
534 536
534 535
534 970
535 537
535 539
535 527
535 534
536 534
536 506
537 535
537 533
538 540
538 532
539 540
539 535
539 550
540 538
540 539
540 544
541 543
541 542
541 1665
541 547
542 1056
542 541
542 531
543 541
543 1065
543 1057
544 547
544 540
544 546
545 550
545 554
545 551
546 552
546 544
547 544
547 541
548 508
548 1057
548 1667
549 550
550 549
550 545
550 539
551 516
551 545
552 553
552 546
552 1670
553 552
553 1984
554 545
554 509
554 1426
555 580
555 571
555 295
556 297
556 559
557 564
557 299
558 562
558 1021
558 295
559 561
559 562
559 556
560 563
560 580
560 298
560 1902
561 564
561 559
561 1900
562 558
562 565
562 1899
562 559
563 560
563 565
564 566
564 561
564 557
565 563
565 562
565 1903
566 564
566 1901
567 289
567 288
567 291
568 572
568 594
569 571
569 570
570 1031
570 569
570 576
570 188
571 569
571 287
571 555
572 575
572 568
572 574
572 188
572 603
573 574
573 581
574 573
574 572
574 227
574 594
575 578
575 572
576 194
576 190
576 570
577 578
577 586
578 575
578 577
579 580
579 296
579 585
580 555
580 560
580 583
580 579
581 573
581 588
582 584
582 202
582 190
582 583
583 582
583 586
583 580
583 1024
584 205
584 582
585 589
585 579
586 583
586 577
586 668
587 610
587 611
588 591
588 581
588 590
589 667
589 585
590 216
590 205
590 588
591 588
591 612
591 669
591 237
592 593
592 613
592 600
593 592
594 574
594 568
594 218
595 599
595 596
596 597
596 595
596 609
597 222
597 596
597 217
598 620
598 601
599 595
599 601
600 592
600 602
600 603
601 599
601 598
601 602
602 604
602 601
602 606
602 600
603 572
603 600
604 605
604 602
605 604
606 602
606 607
607 611
607 606
608 627
608 609
608 719
609 608
609 229
609 696
609 596
610 612
610 587
611 607
611 693
611 587
612 610
612 591
612 694
613 592
614 615
615 614
615 618
615 245
616 621
617 622
617 621
618 619
618 615
618 623
619 625
619 618
620 622
620 598
620 627
621 624
621 617
621 616
622 617
622 620
622 628
623 630
623 618
623 626
623 644
624 621
624 628
624 625
624 631
625 619
625 624
626 652
626 623
627 620
627 608
627 254
628 624
628 622
629 630
629 632
630 653
630 629
630 623
631 636
631 624
632 637
632 629
633 634
633 255
634 633
634 638
634 654
635 254
635 258
635 641
636 637
636 631
636 715
637 636
637 632
637 640
638 642
638 639
638 634
639 717
639 638
639 640
640 637
640 639
640 720
641 351
641 635
641 718
642 713
642 638
643 644
643 646
644 645
644 643
644 623
645 644
645 648
646 643
647 650
647 651
648 645
648 650
649 268
650 647
650 648
651 652
651 647
651 265
652 654
652 626
652 651
653 630
653 655
654 652
654 634
654 658
655 657
655 653
656 1112
657 655
657 1110
658 1110
658 1111
658 654
659 1918
659 665
660 1924
660 662
660 661
661 660
661 687
661 2018
662 663
662 660
663 662
663 1697
663 1709
663 2034
664 666
665 2013
665 659
665 2015
666 664
666 1709
666 1705
667 670
667 589
667 693
668 673
668 672
668 586
668 1902
669 591
669 700
669 675
670 667
670 671
671 672
671 675
671 670
672 671
672 668
673 668
673 676
673 684
673 1911
674 676
674 1715
675 671
675 678
675 669
675 681
676 674
676 680
676 1717
676 673
677 681
677 306
677 1714
677 342
678 682
678 675
678 684
679 1924
679 1911
679 686
680 306
680 676
680 1726
680 686
681 677
681 700
681 675
682 678
682 685
683 1691
683 1924
683 1697
683 300
684 678
684 687
684 673
684 691
685 682
685 688
685 701
686 689
686 680
686 679
686 687
687 661
687 684
687 686
687 2957
688 685
688 690
689 686
689 2034
689 2957
690 688
690 692
690 2955
691 2955
691 2074
691 684
692 2956
692 690
692 711
693 667
693 611
694 695
694 697
694 612
695 694
695 699
696 698
696 697
696 725
696 609
697 696
697 694
698 696
698 703
699 700
699 702
699 695
700 699
700 681
700 701
700 669
701 700
701 685
702 706
702 699
703 698
703 704
704 705
704 703
705 704
705 708
705 706
706 702
706 705
706 711
707 736
707 339
707 1851
708 705
708 710
708 341
709 2092
709 710
709 2048
709 711
710 708
710 2093
710 709
711 709
711 706
711 692
712 726
712 713
712 717
712 255
713 642
713 718
713 712
714 718
714 721
715 722
715 636
716 720
717 639
717 2054
717 712
717 730
718 713
718 714
718 641
719 722
719 608
720 716
720 2057
720 640
721 724
721 714
721 725
722 715
722 719
722 723
723 722
723 731
724 721
724 732
724 727
725 728
725 696
725 721
726 712
726 360
727 733
727 724
728 725
728 736
729 730
729 2057
729 739
730 729
730 2068
730 717
731 733
731 723
731 2037
732 735
732 724
733 727
733 737
733 731
734 738
734 2057
735 732
736 2035
736 707
736 728
736 358
737 733
737 739
738 734
738 2068
738 739
739 737
739 738
739 729
740 742
740 487
740 482
740 478
740 944
741 744
741 487
742 740
742 1380
743 112
743 486
743 449
744 741
744 1382
745 746
745 751
746 749
746 750
746 745
746 752
747 752
747 465
748 773
748 754
748 950
748 772
749 746
749 778
750 746
750 755
751 752
751 120
751 745
752 751
752 747
752 758
752 746
753 950
753 754
753 762
754 755
754 753
754 748
755 754
755 750
755 759
756 760
756 477
756 954
757 758
757 759
757 761
758 757
758 1397
758 752
758 481
759 757
759 767
759 755
760 761
760 756
760 766
761 760
761 757
762 965
762 753
762 1395
762 1001
763 1393
763 764
764 763
764 765
765 1394
765 764
765 1396
765 786
766 760
766 973
766 944
766 1381
767 1395
767 759
767 1403
768 775
768 986
769 770
769 771
769 775
770 769
770 383
771 769
771 391
772 776
772 748
773 748
773 778
774 776
774 989
775 777
775 769
775 768
776 774
776 772
776 987
777 775
777 782
778 786
778 779
778 749
778 773
779 780
779 385
779 778
780 781
780 779
781 780
781 783
782 783
782 777
783 782
783 781
783 787
784 788
784 787
785 792
785 994
786 794
786 778
786 765
787 789
787 783
787 784
788 784
788 790
788 796
789 787
789 795
789 1297
789 395
790 794
790 788
791 792
791 1004
792 791
792 785
792 1048
793 797
793 526
794 790
794 786
794 1052
795 789
795 1051
796 797
796 1054
796 788
797 796
797 793
798 803
798 808
799 801
799 803
800 805
800 802
801 799
801 807
801 1006
802 800
802 804
802 810
803 799
803 798
804 802
804 836
804 435
805 800
805 812
806 811
806 1012
806 833
807 801
807 1007
808 809
808 798
809 808
809 812
810 414
810 802
810 410
811 806
811 813
812 809
812 816
812 805
812 415
812 425
813 815
813 818
813 811
813 835
814 845
814 817
814 815
815 813
815 821
815 814
816 822
816 819
816 812
817 814
817 821
817 206
818 813
818 1074
818 850
818 849
818 823
819 825
819 816
820 821
820 826
820 822
820 1076
821 820
821 817
821 815
822 816
822 820
822 1078
823 824
823 423
823 818
824 823
824 421
824 1075
825 819
825 1076
826 827
826 820
827 826
827 1074
827 1679
828 832
828 829
828 838
829 830
829 828
830 829
830 185
831 837
831 834
831 435
832 828
832 834
832 926
833 835
833 806
834 832
834 831
834 844
834 835
835 836
835 833
835 839
835 813
835 834
836 835
836 804
837 469
837 831
838 933
838 828
838 842
839 840
839 835
840 839
840 193
840 841
840 185
841 845
841 848
841 840
842 847
842 196
842 838
843 845
843 850
844 847
844 834
845 843
845 841
845 814
846 441
846 446
846 849
847 842
847 844
848 841
848 196
849 447
849 846
849 818
850 925
850 843
850 818
851 853
851 854
852 856
852 1319
852 1239
852 1524
853 851
853 857
853 858
853 1547
854 851
854 1320
855 859
855 856
855 858
855 1314
856 852
856 855
856 863
857 853
858 853
858 855
858 864
859 855
859 860
859 863
860 861
860 859
860 866
861 860
861 1318
862 863
862 866
863 862
863 867
863 859
863 871
863 856
864 870
864 865
864 858
865 1249
865 864
866 868
866 862
866 860
867 863
867 870
867 875
868 869
868 866
869 868
869 875
870 867
870 876
870 864
871 872
871 873
871 877
871 863
872 871
872 2838
873 871
873 1251
873 1539
874 875
874 2843
874 2841
875 874
875 869
875 867
875 2838
876 2837
876 870
877 2840
877 871
878 899
878 1374
878 1132
879 883
879 880
879 1344
880 886
880 879
880 881
881 880
881 144
881 1342
882 884
882 883
883 879
883 899
883 882
883 903
884 882
884 888
884 1262
885 886
885 887
886 885
886 880
886 142
887 885
887 889
887 157
888 892
888 893
888 884
889 890
889 887
889 891
889 1747
890 889
890 894
891 892
891 889
891 917
891 911
892 888
892 894
892 891
893 895
893 888
894 1742
894 892
894 890
895 893
895 1744
895 1745
896 1377
896 1368
896 898
897 1369
897 1346
897 1279
897 1284
898 1378
898 896
899 878
899 883
899 1373
899 1376
900 921
900 907
901 904
901 1163
902 905
902 908
903 910
903 883
904 905
904 907
904 901
904 912
904 909
905 904
905 902
906 910
906 1288
906 909
907 184
907 904
907 915
907 900
908 911
908 902
908 914
909 904
909 915
909 906
910 906
910 914
910 903
911 908
911 1489
911 891
912 184
912 904
912 178
912 1484
913 1293
913 2235
913 2232
913 916
914 910
914 917
914 908
915 907
915 916
915 909
915 2222
916 918
916 915
916 913
917 914
917 891
917 1777
918 916
918 1779
918 919
919 1774
919 2775
919 1489
919 918
920 524
920 923
920 2563
921 900
921 2222
921 1377
922 2221
922 2220
922 923
922 1391
923 922
923 2245
923 920
924 2220
924 2224
924 1392
925 850
925 1100
925 1713
926 929
926 832
927 949
927 929
927 928
928 930
928 927
929 926
929 927
929 934
929 462
930 928
930 220
930 225
930 931
931 938
931 935
931 930
932 937
932 951
933 941
933 219
933 838
934 936
934 938
934 929
934 943
934 478
935 940
935 931
936 934
936 469
937 932
937 939
938 931
938 934
938 942
939 937
939 943
940 935
940 941
941 933
941 940
941 234
942 943
942 938
942 2748
942 225
943 2746
943 944
943 939
943 942
943 934
944 943
944 766
944 740
945 947
946 952
946 950
947 945
947 951
947 961
948 949
948 954
949 948
949 951
949 927
950 753
950 953
950 748
950 946
951 960
951 949
951 932
951 947
952 954
952 956
952 946
953 950
953 958
954 952
954 948
954 756
955 957
956 959
956 952
956 958
956 965
957 955
957 249
958 964
958 987
958 953
958 956
959 956
959 961
959 966
960 962
960 951
961 962
961 947
961 959
961 249
962 960
962 963
962 961
963 962
963 971
963 224
964 958
964 1001
964 966
964 970
965 969
965 762
965 956
966 967
966 971
966 959
966 964
967 968
967 966
968 969
968 967
968 972
969 968
969 975
969 965
970 998
970 534
970 964
971 966
971 963
971 507
971 259
971 352
972 968
973 975
973 766
974 975
975 969
975 974
975 973
976 978
976 983
977 981
978 981
978 979
978 976
979 978
979 987
979 988
980 982
980 992
981 977
981 978
982 980
982 993
982 985
983 984
983 976
983 263
984 983
984 988
984 998
985 986
985 994
985 982
986 985
986 989
986 768
987 958
987 979
987 776
988 990
988 984
988 979
989 991
989 986
989 774
990 993
990 988
990 991
991 989
991 990
991 997
992 275
992 995
992 980
992 270
993 990
993 996
993 982
994 985
994 785
995 1000
995 992
996 1000
996 993
997 999
997 991
998 970
998 257
998 984
999 1003
999 997
999 526
1000 996
1000 995
1000 528
1001 964
1001 1002
1001 762
1001 1401
1002 526
1002 1001
1002 533
1003 1005
1003 999
1004 791
1004 529
1005 1003
1005 529
1005 530
1006 801
1007 1012
1007 807
1008 291
1008 295
1008 1010
1009 1012
1009 1014
1009 1017
1010 1011
1010 1013
1010 1018
1010 1008
1011 1015
1011 1010
1011 1030
1012 1007
1012 1009
1012 806
1013 1014
1013 1010
1013 1019
1014 1013
1014 1009
1015 1016
1015 1011
1016 1015
1016 297
1017 187
1017 1009
1018 1020
1018 1010
1019 1026
1019 1013
1020 1018
1020 1022
1020 1021
1021 1020
1021 1029
1021 558
1022 1020
1022 1023
1023 1025
1023 1022
1023 1028
1024 1029
1024 210
1024 583
1025 1023
1025 1027
1025 1677
1026 1028
1026 1678
1026 1019
1026 1680
1027 1025
1027 1029
1028 1026
1028 1023
1028 1675
1029 1899
1029 1024
1029 1027
1029 1021
1030 1011
1031 570
1031 290
1031 187
1032 185
1033 1035
1033 1039
1033 1381
1034 1036
1034 1401
1035 1033
1035 1400
1035 1040
1036 1034
1036 1403
1036 1060
1036 1042
1037 1038
1037 1398
1038 1037
1038 1200
1038 1040
1039 1386
1039 1384
1039 1033
1040 1041
1040 1042
1040 1043
1040 1038
1040 1035
1041 1040
1042 1040
1042 1036
1042 515
1043 1044
1043 1040
1044 1043
1044 1046
1045 1046
1045 1062
1045 1073
1046 1044
1046 1045
1046 2242
1047 1392
1047 1526
1048 1054
1048 1056
1048 792
1049 1052
1049 1050
1050 1049
1050 1297
1050 1059
1051 1058
1051 795
1051 1054
1052 1049
1052 794
1052 1055
1052 1060
1053 1055
1053 1402
1054 1048
1054 796
1054 1051
1054 1063
1055 1053
1055 1062
1055 1052
1056 1048
1056 542
1056 526
1057 543
1057 1066
1057 548
1058 1303
1058 1051
1058 1072
1059 1061
1059 1050
1060 1066
1060 1036
1060 1062
1060 1052
1061 1059
1061 1063
1062 1045
1062 1055
1062 1315
1062 1064
1062 1060
1063 1061
1063 1064
1063 1054
1063 1069
1064 1063
1064 1062
1064 1235
1065 1068
1065 1066
1065 1666
1065 543
1066 1067
1066 1065
1066 1057
1066 1060
1066 1236
1067 1066
1068 1065
1068 1070
1069 1071
1069 1070
1069 1238
1069 1072
1069 1063
1070 1069
1070 1068
1071 1069
1072 1069
1072 1058
1073 1045
1073 1235
1073 1236
1074 1079
1074 827
1074 818
1075 1081
1075 824
1075 1083
1076 1683
1076 1085
1076 820
1076 825
1077 1082
1077 1322
1078 1080
1078 822
1079 1074
1079 1083
1079 1102
1080 1078
1080 1082
1080 1089
1081 1075
1081 1082
1081 1087
1082 1077
1082 1080
1082 1081
1082 1091
1083 1079
1083 1090
1083 1088
1083 1075
1084 1085
1084 1086
1084 1689
1085 1084
1085 1076
1085 1089
1085 1088
1086 2733
1086 1084
1086 1106
1086 1095
1087 1091
1087 1081
1087 1090
1088 1083
1088 1092
1088 1096
1088 1085
1089 1093
1089 1085
1089 1080
1090 1333
1090 1083
1090 1092
1090 1087
1091 1087
1091 1082
1091 1335
1092 1099
1092 1090
1092 2735
1092 1088
1093 1094
1093 1089
1093 1263
1094 1093
1094 1693
1095 1098
1095 2737
1095 2741
1095 1086
1096 1097
1096 1088
1097 1096
1097 1099
1097 1260
1098 1468
1098 1095
1099 1097
1099 1092
1099 2737
1099 1279
1100 1103
1100 925
1101 325
1101 209
1102 1104
1102 1348
1102 1079
1103 1100
1103 1108
1103 1720
1104 1102
1104 1106
1105 2752
1105 2739
1105 450
1106 1104
1106 2735
1106 1109
1106 1086
1107 1109
1107 1108
1108 1107
1108 1103
1109 1107
1109 1106
1109 2733
1109 2741
1110 657
1110 658
1111 2049
1111 2050
1111 2056
1111 658
1112 2049
1112 2058
1112 656
1113 1115
1113 19
1113 59
1114 19
1114 1118
1114 1135
1115 1113
1115 30
1115 1121
1116 1117
1116 29
1116 1119
1117 1116
1117 1118
1117 1125
1118 1117
1118 1114
1118 1121
1119 1122
1119 1116
1120 1145
1120 1337
1121 1123
1121 1128
1121 1115
1121 1118
1122 1330
1122 1327
1122 1124
1122 1119
1123 1121
1123 1148
1123 1144
1124 1122
1124 1130
1125 1127
1125 1117
1126 1127
1126 139
1126 140
1127 1125
1127 1126
1127 1128
1127 141
1128 1160
1128 1121
1128 1133
1128 1127
1129 1132
1129 1133
1129 1148
1130 1131
1130 1124
1130 142
1131 1130
1131 139
1132 1129
1132 138
1132 878
1133 1129
1133 140
1133 1128
1134 1349
1134 65
1134 449
1135 64
1135 1114
1135 1144
1136 1172
1136 1167
1136 66
1136 1182
1136 1141
1137 1138
1137 1326
1137 67
1138 1137
1138 1146
1139 1143
1139 1140
1140 1139
1140 1141
1140 1349
1141 1140
1141 1136
1142 1143
1142 1144
1143 1139
1143 1150
1143 1142
1144 1147
1144 1142
1144 1123
1144 1135
1145 1146
1145 1148
1145 1151
1145 1120
1146 1145
1146 1361
1146 1138
1147 1144
1147 1161
1148 1145
1148 1123
1148 1129
1149 1152
1149 1150
1149 1365
1149 1357
1150 1143
1150 1149
1151 1145
1151 1153
1152 1154
1152 1149
1153 1362
1153 1155
1153 1151
1154 1152
1154 1159
1154 1156
1155 1156
1155 1153
1156 1155
1156 1154
1157 1158
1157 170
1157 1160
1158 1163
1158 1165
1158 1157
1159 1163
1159 1154
1160 1128
1160 172
1160 1157
1161 173
1161 1182
1161 1147
1162 1187
1162 1164
1163 1159
1163 1158
1163 901
1164 1165
1164 1162
1164 1505
1165 1164
1165 1158
1165 174
1166 109
1166 1170
1166 106
1167 1175
1167 1176
1167 1136
1168 1170
1168 1171
1168 106
1169 1174
1169 1173
1170 1166
1170 1194
1170 1168
1170 1179
1171 1174
1171 1168
1171 1185
1172 1173
1172 1136
1172 110
1173 1172
1173 1169
1173 112
1174 1175
1174 1169
1174 1171
1175 1174
1175 1167
1176 1167
1176 1184
1177 1178
1177 1181
1178 1180
1178 1177
1178 1207
1179 1181
1179 1201
1179 1170
1180 1178
1180 1184
1181 1179
1181 1183
1181 1177
1182 1136
1182 1161
1183 1185
1183 1181
1184 1176
1184 1180
1184 1189
1185 1183
1185 1171
1186 1187
1186 1390
1186 1365
1187 1162
1187 1186
1188 1392
1188 1206
1188 1384
1189 1499
1189 1190
1189 1184
1190 1189
1190 1500
1190 1213
1191 1393
1191 1398
1191 375
1192 1194
1192 1196
1192 376
1193 1195
1193 1196
1193 375
1194 1192
1194 1170
1195 1193
1195 1197
1195 370
1196 1192
1196 1193
1196 1198
1197 1204
1197 1195
1197 1203
1198 1201
1198 1196
1198 1200
1198 1204
1199 1202
1199 1210
1200 1205
1200 1038
1200 1198
1201 1206
1201 1198
1201 1211
1201 1179
1202 1199
1202 1209
1202 1207
1203 1309
1203 1197
1203 1300
1203 1208
1204 1197
1204 1198
1204 1210
1205 1200
1205 1208
1206 1201
1206 1188
1207 1178
1207 1202
1207 1213
1208 1205
1208 1203
1208 1315
1208 1520
1209 1202
1210 1212
1210 1199
1210 1204
1211 1212
1211 1201
1212 1210
1212 1211
1212 1213
1212 1519
1213 1212
1213 1190
1213 1207
1213 1521
1214 1219
1214 2247
1215 1218
1215 2243
1216 1241
1216 1236
1216 1221
1216 1227
1217 2245
1217 1224
1218 1215
1218 1528
1218 1222
1219 1214
1219 1221
1220 2247
1220 1225
1221 1219
1221 1222
1221 1216
1221 1228
1222 1218
1222 1221
1222 1226
1223 1224
1223 2228
1223 1408
1224 1223
1224 1217
1225 1230
1225 1220
1225 2224
1226 1244
1226 1222
1227 1229
1227 1247
1227 1216
1228 1231
1228 1233
1228 1221
1229 1227
1229 1437
1229 1259
1230 1541
1230 1232
1230 1225
1231 1228
1232 1230
1232 1234
1232 1233
1233 1228
1233 2240
1233 1232
1233 1849
1234 2238
1234 1232
1234 1810
1235 1240
1235 1320
1235 1073
1235 1064
1235 1237
1236 1216
1236 1073
1236 1066
1236 522
1237 1238
1237 1235
1238 1237
1238 1242
1238 1069
1239 1240
1239 1243
1239 852
1240 1239
1240 1235
1241 1216
1241 1247
1241 1446
1242 1238
1242 1445
1242 1247
1243 1246
1243 1249
1243 1239
1244 1245
1244 1226
1245 1244
1245 1251
1246 1250
1246 1243
1247 1252
1247 1227
1247 1241
1247 1242
1248 1257
1248 1254
1249 865
1249 1255
1249 1243
1250 1246
1250 1257
1251 1245
1251 873
1251 1257
1252 1254
1252 1247
1252 1256
1253 1255
1253 2836
1254 1252
1254 1556
1254 1248
1255 1253
1255 1249
1255 1559
1256 1465
1256 1560
1256 1252
1257 1555
1257 1251
1257 1248
1257 1250
1258 1259
1258 1465
1258 1433
1259 1258
1259 1229
1259 1438
1260 1263
1260 1097
1260 1262
1261 1262
1261 1266
1262 1261
1262 1260
1262 884
1263 1260
1263 1264
1263 1093
1263 1469
1264 1263
1264 1265
1265 1267
1265 2398
1265 1264
1266 1268
1266 1261
1267 1268
1267 1271
1267 1265
1268 1267
1268 1266
1268 1273
1269 1272
1269 1929
1269 2557
1270 1273
1270 2399
1270 2409
1271 1272
1271 1274
1271 1267
1272 1269
1272 1271
1273 1270
1273 1604
1273 1268
1274 1271
1274 1277
1274 1605
1274 1603
1275 1606
1275 1276
1276 1278
1276 1275
1277 1278
1277 1274
1277 1608
1278 1276
1278 1277
1278 1744
1279 1280
1279 897
1279 2742
1279 1099
1280 1279
1281 505
1281 2745
1282 321
1282 2745
1283 2744
1283 2428
1283 1289
1284 1285
1284 1288
1284 897
1285 1284
1285 1290
1286 1291
1286 2549
1286 2562
1286 2573
1287 1289
1287 1290
1288 1284
1288 906
1289 1287
1289 2550
1289 1283
1290 2550
1290 1285
1290 1287
1290 2548
1291 1286
1291 2556
1291 2425
1292 2553
1292 2549
1292 1409
1293 1294
1293 913
1294 1293
1294 2548
1295 1298
1295 398
1296 398
1296 402
1296 1302
1297 1050
1297 789
1297 1299
1298 1295
1298 400
1298 1301
1299 401
1299 1300
1299 1297
1300 1301
1300 1305
1300 1299
1300 1203
1301 1300
1301 1304
1301 1298
1301 1306
1302 1296
1302 1314
1303 1307
1303 1058
1304 1309
1304 1301
1305 1308
1305 1300
1305 1314
1305 1307
1306 1311
1306 1301
1306 1314
1307 1303
1307 1317
1307 1305
1308 1312
1308 1319
1308 1313
1308 1305
1309 1310
1309 1304
1309 1203
1309 1313
1310 1309
1310 1316
1311 1316
1311 1306
1312 1315
1312 1308
1313 1309
1313 1308
1314 1302
1314 1305
1314 1306
1314 855
1315 1312
1315 1062
1315 1208
1316 1311
1316 1310
1316 1318
1317 1320
1317 1319
1317 1307
1318 1316
1318 1531
1318 861
1319 852
1319 1308
1319 1317
1320 1317
1320 854
1320 1235
1321 1324
1321 426
1321 428
1321 1322
1322 1077
1322 425
1322 1321
1323 1325
1323 1324
1324 1323
1324 1321
1325 1323
1325 1327
1326 1137
1326 1356
1326 1334
1326 427
1327 1325
1327 1122
1327 1332
1328 1333
1328 1331
1328 1351
1329 1330
1330 1329
1330 1122
1331 1340
1331 1332
1331 1328
1332 1331
1332 1327
1332 1335
1333 1090
1333 1328
1334 1337
1334 1340
1334 1326
1335 1343
1335 1332
1335 1091
1336 1340
1336 1376
1337 1334
1337 1338
1337 1120
1338 1337
1338 1373
1338 1361
1339 1343
1340 1336
1340 1344
1340 1331
1340 1334
1341 1342
1341 1343
1342 1341
1342 881
1343 1339
1343 1335
1343 1341
1344 1340
1344 1379
1344 879
1345 1379
1345 1346
1346 1345
1346 897
1347 452
1347 1359
1347 1356
1348 1351
1348 447
1348 1102
1348 1355
1349 1350
1349 1134
1349 1140
1350 1349
1350 1357
1351 1348
1351 1356
1351 429
1351 1328
1352 1354
1352 1358
1353 1354
1353 1357
1353 451
1354 1352
1354 1353
1354 1360
1355 1348
1355 1364
1356 1351
1356 1364
1356 1326
1356 1347
1357 1353
1357 1350
1357 1149
1358 1362
1358 1361
1358 1352
1359 1360
1359 1347
1359 1363
1360 1354
1360 1359
1360 1362
1361 1146
1361 1358
1361 1338
1362 1153
1362 1358
1362 1366
1362 1360
1363 1359
1363 1364
1363 1368
1364 1370
1364 1356
1364 1363
1364 1355
1365 1149
1365 1387
1365 1186
1366 1373
1366 1362
1367 1368
1367 2736
1368 1367
1368 1389
1368 896
1368 1363
1369 1371
1369 897
1370 1371
1370 1364
1371 1370
1371 1369
1372 1377
1372 1389
1372 1388
1373 1374
1373 1366
1373 1338
1373 899
1374 1373
1374 878
1375 1378
1375 1376
1376 1379
1376 899
1376 1375
1376 1336
1377 1372
1377 896
1377 921
1378 1375
1378 898
1379 1345
1379 1376
1379 1344
1380 742
1380 1385
1381 1033
1381 766
1382 1386
1382 1384
1382 744
1383 1388
1383 1389
1384 1039
1384 1382
1384 1188
1385 1388
1385 1386
1385 1380
1385 1391
1385 493
1386 1382
1386 1039
1386 1385
1387 1365
1387 1388
1388 1383
1388 1387
1388 1385
1388 1372
1389 1372
1389 1368
1389 1383
1390 1186
1390 1501
1391 922
1391 1385
1392 1047
1392 1188
1392 924
1393 763
1393 1191
1393 1394
1394 765
1394 1393
1394 1402
1395 1401
1395 767
1395 762
1396 1399
1396 765
1397 1400
1397 758
1397 1398
1398 1191
1398 1037
1398 1397
1399 1403
1399 1396
1399 1400
1400 1035
1400 1397
1400 1399
1401 1395
1401 1034
1401 508
1401 1001
1402 1394
1402 1053
1403 1399
1403 767
1403 1036
1404 1411
1405 1408
1405 1427
1405 2563
1406 1410
1406 2571
1407 1412
1408 1405
1408 1416
1408 1223
1409 2573
1409 1411
1409 1292
1409 1421
1410 1406
1410 2574
1410 1413
1410 1421
1411 1404
1411 1412
1411 1409
1412 1415
1412 1407
1412 1411
1413 1410
1413 1952
1413 1945
1414 1418
1414 1422
1414 1417
1415 1412
1415 1418
1415 2232
1416 1408
1416 1423
1416 2228
1416 1424
1417 1414
1417 1419
1418 1415
1418 1414
1419 1417
1419 1424
1419 1425
1420 2232
1420 3322
1421 1425
1421 3321
1421 1410
1421 1409
1422 1414
1422 3319
1423 1416
1423 1799
1423 2254
1423 1436
1424 1419
1424 1416
1425 1421
1425 3324
1425 1419
1425 3320
1426 1443
1426 1667
1426 554
1426 525
1427 1428
1427 1405
1427 524
1428 1432
1428 1430
1428 1427
1428 525
1429 2568
1429 1432
1430 1431
1430 1435
1430 1428
1431 1430
1431 1434
1432 1429
1432 1428
1432 1973
1432 1962
1433 1438
1433 1437
1433 1258
1433 1456
1434 1431
1434 1438
1435 1430
1435 1436
1436 1435
1436 1439
1436 1423
1437 1229
1437 1433
1437 1439
1438 1433
1438 1434
1438 1441
1438 1259
1438 2256
1439 1440
1439 1436
1439 2250
1439 1437
1440 1439
1440 1842
1441 2285
1441 2251
1441 1438
1441 2259
1442 1445
1442 1669
1442 1444
1443 1426
1443 1983
1444 1447
1444 1452
1444 1442
1445 1442
1445 1450
1445 1242
1446 1448
1446 1667
1446 1241
1447 1444
1447 1984
1448 1453
1448 1446
1448 1668
1448 1669
1449 1989
1449 1668
1449 1451
1450 1445
1450 1452
1451 1454
1451 1449
1451 1453
1451 1452
1452 1455
1452 1444
1452 1450
1452 1451
1453 1456
1453 1448
1453 1451
1454 1451
1454 1998
1454 1464
1455 1452
1455 1457
1456 1453
1456 1458
1456 1433
1457 1459
1457 1455
1457 1458
1458 1460
1458 1457
1458 1456
1459 1457
1459 1461
1460 1458
1460 1466
1461 1463
1461 1459
1462 1464
1462 2251
1463 1461
1463 2012
1464 1462
1464 2285
1464 2287
1464 2001
1464 1454
1465 1466
1465 1256
1465 1258
1466 1465
1466 1460
1467 1472
1467 1471
1468 1470
1468 1469
1468 1098
1469 1468
1469 1702
1469 1263
1470 1468
1470 2423
1470 1698
1471 1703
1471 1467
1472 1467
1472 1706
1472 1475
1473 1475
1473 1710
1473 1476
1474 2019
1474 1477
1474 1707
1474 1476
1475 1473
1475 1472
1475 2403
1476 2400
1476 1473
1476 1474
1477 2014
1477 1474
1477 2028
1478 1479
1478 2401
1478 2398
1479 1478
1479 2426
1480 183
1480 182
1480 1511
1480 1486
1481 1483
1481 181
1481 183
1482 184
1482 1494
1483 1481
1483 1486
1483 1490
1484 1491
1484 1489
1484 912
1485 1498
1485 153
1486 1483
1486 1494
1486 1480
1486 1487
1487 1496
1487 1515
1487 1488
1487 1486
1488 1497
1488 1487
1489 1495
1489 1484
1489 919
1489 911
1490 1492
1490 1483
1490 1498
1491 1484
1491 1492
1491 1494
1492 1491
1492 1490
1492 2774
1493 1498
1493 1497
1494 1491
1494 1486
1494 1482
1494 2775
1495 1489
1495 1774
1496 1487
1496 2771
1496 2781
1497 2773
1497 2771
1497 1488
1497 1493
1498 2774
1498 1493
1498 2772
1498 1485
1498 1490
1499 1189
1500 1502
1500 1519
1500 1190
1501 1507
1501 1505
1501 1390
1501 2222
1502 1500
1502 1508
1502 1535
1503 1506
1503 1509
1504 1510
1504 1508
1505 183
1505 1501
1505 1164
1506 1503
1506 182
1507 2223
1507 1501
1507 1514
1508 1502
1508 1532
1508 1504
1509 1503
1509 1510
1509 180
1510 1504
1510 1509
1510 1512
1511 1513
1511 1480
1511 1514
1512 1515
1512 1510
1513 1511
1513 1515
1514 1516
1514 2234
1514 1511
1514 1507
1515 1513
1515 1487
1515 1512
1515 1518
1516 1514
1516 1518
1517 1518
1517 2791
1518 1517
1518 1516
1518 1515
1519 1212
1519 1500
1519 1529
1520 1524
1520 1528
1520 1522
1520 1208
1521 1525
1521 1532
1521 1213
1522 1520
1522 1523
1523 1527
1523 1522
1524 1520
1524 852
1525 1529
1525 1521
1526 1528
1526 1534
1526 1047
1527 1523
1527 1530
1527 1529
1528 1526
1528 1218
1528 1520
1529 1525
1529 1527
1529 1519
1530 1527
1530 1533
1531 1533
1531 1318
1531 1546
1532 1521
1532 1508
1532 1540
1533 1530
1533 1531
1534 1526
1534 1535
1535 1534
1535 1537
1535 1502
1536 1538
1536 1546
1537 1543
1537 1542
1537 1535
1537 1541
1538 1536
1538 1542
1539 873
1539 2820
1540 1544
1540 2790
1540 1532
1541 1230
1541 1537
1542 1538
1542 1537
1542 2820
1543 1537
1543 2790
1544 1540
1544 2819
1545 2838
1545 1546
1546 2819
1546 1545
1546 1536
1546 1531
1547 853
1548 3112
1548 2268
1549 1550
1549 3237
1550 3113
1550 1549
1550 3112
1550 3238
1551 1553
1551 1837
1551 3359
1552 1554
1552 1553
1553 1552
1553 1841
1553 1551
1554 1552
1554 3114
1554 3240
1555 1557
1555 1556
1555 1257
1555 1558
1556 1555
1556 1254
1556 1561
1557 2842
1557 1555
1557 1567
1558 1561
1558 1555
1559 1562
1559 1255
1560 1561
1560 1256
1560 1568
1560 1570
1561 1560
1561 1558
1561 1556
1562 1559
1562 1571
1563 1573
1563 1566
1564 1566
1564 1570
1565 2840
1565 1848
1566 1564
1566 1563
1567 1571
1567 1557
1568 3104
1568 1572
1568 1560
1569 1571
1569 1576
1570 1564
1570 1579
1570 1572
1570 1560
1571 1577
1571 1567
1571 1562
1571 1569
1572 1578
1572 1568
1572 1570
1573 1563
1573 2293
1573 1576
1574 1575
1574 1577
1574 2842
1574 2849
1575 1574
1575 1584
1576 1573
1576 1569
1576 1590
1577 1571
1577 1574
1577 1583
1578 1580
1578 1572
1578 1579
1579 2291
1579 1570
1579 1578
1579 1591
1580 1578
1580 2262
1581 1582
1581 3110
1581 3103
1581 1595
1582 1581
1582 3104
1583 1577
1583 1586
1583 1588
1584 1588
1584 2850
1584 1592
1584 1575
1585 1586
1585 1587
1586 1585
1586 1594
1586 1583
1587 1585
1587 1596
1588 1584
1588 1583
1589 1590
1589 1591
1590 1593
1590 1589
1590 1576
1590 1602
1591 1589
1591 1599
1591 1579
1592 1584
1592 3110
1592 3131
1593 1594
1593 1590
1593 3134
1594 1593
1594 1586
1594 3128
1595 1600
1595 3130
1595 1581
1596 1735
1596 1587
1596 3128
1597 3126
1597 2301
1597 1602
1598 1601
1599 3127
1599 1591
1600 1595
1600 3129
1600 3131
1601 1598
1601 3133
1601 1602
1602 1601
1602 1597
1602 1590
1603 1607
1603 1929
1603 2302
1603 1274
1604 1273
1604 1606
1605 1608
1605 1274
1605 2302
1606 1604
1606 1275
1606 1613
1607 1603
1607 1649
1607 1614
1608 1609
1608 1277
1608 1616
1608 1605
1609 1608
1609 1617
1610 1757
1610 1744
1610 1611
1610 1629
1610 1620
1611 1612
1611 1651
1611 1610
1612 1611
1612 1616
1612 1653
1612 1632
1613 1615
1613 1617
1613 1606
1614 2306
1614 1616
1614 1607
1615 1613
1615 1624
1615 1752
1616 1618
1616 1614
1616 1608
1616 1612
1617 1613
1617 1620
1617 1627
1617 1609
1618 1621
1618 1616
1618 1623
1619 1621
1620 1630
1620 1617
1620 1610
1621 1619
1621 1618
1621 1625
1622 1626
1623 1627
1623 1618
1623 1635
1624 1615
1625 1628
1625 1626
1625 1621
1626 1622
1626 1625
1627 1623
1627 1634
1627 3164
1627 1617
1628 1625
1628 1633
1628 1659
1629 1632
1629 1639
1629 1610
1630 1634
1630 1620
1631 1634
1631 1636
1632 1629
1632 1636
1632 1612
1633 1628
1634 1631
1634 1630
1634 1627
1635 1636
1635 1623
1636 1638
1636 1635
1636 1632
1636 1631
1636 3167
1637 1639
1637 1764
1638 3166
1638 1636
1638 1660
1639 1637
1639 1629
1640 1777
1640 1651
1640 2550
1641 1642
1641 3321
1642 1641
1642 2559
1642 1646
1642 1645
1643 1644
1643 1647
1644 1643
1644 1646
1645 1642
1645 1652
1646 1644
1646 1642
1647 1643
1647 1937
1648 1650
1648 1649
1648 1653
1649 1648
1649 1607
1650 1648
1650 1652
1651 1655
1651 1611
1651 1640
1652 1654
1652 1645
1652 1650
1653 1648
1653 1659
1653 1612
1654 1652
1654 1657
1655 1651
1655 1656
1655 1787
1656 1660
1656 1658
1656 1655
1657 1658
1657 1654
1657 1661
1658 1657
1658 1656
1659 1628
1659 1653
1659 1662
1660 1656
1660 2350
1660 1638
1661 1664
1661 1657
1662 1659
1662 2352
1662 2351
1663 2351
1663 2929
1664 2348
1664 1661
1664 2349
1664 2353
1665 1666
1665 541
1665 1669
1665 1667
1666 1065
1666 1665
1667 1446
1667 516
1667 1426
1667 1665
1667 548
1668 1670
1668 1449
1668 1448
1669 1442
1669 1670
1669 1665
1669 1448
1670 1668
1670 1669
1670 552
1671 1674
1671 1899
1671 1677
1672 1682
1672 1681
1673 1678
1673 1900
1674 1671
1674 1905
1675 1681
1675 1686
1675 1028
1676 1716
1676 1679
1676 1712
1676 1723
1677 1678
1677 1671
1677 1025
1678 1673
1678 1677
1678 1026
1678 1690
1679 1682
1679 1676
1679 1713
1679 827
1680 1683
1680 1026
1680 1690
1681 1684
1681 1675
1681 1672
1682 1672
1682 1687
1682 1679
1683 1680
1683 1686
1683 1076
1684 1681
1685 1691
1685 1728
1686 1689
1686 1675
1686 1683
1686 1693
1687 1682
1687 1692
1688 1716
1688 1727
1689 1686
1689 1084
1690 1694
1690 1693
1690 1680
1690 1678
1691 683
1691 1916
1691 1685
1692 1696
1692 1703
1692 1687
1693 1094
1693 1690
1693 1686
1694 1690
1694 1700
1695 308
1695 1729
1695 304
1696 1728
1696 1697
1696 1692
1697 663
1697 683
1697 1696
1698 1699
1698 1470
1698 1702
1699 1698
1699 315
1700 1704
1700 1694
1701 1708
1702 1469
1702 1698
1702 1706
1702 1703
1703 1471
1703 1702
1703 1692
1704 1707
1704 1700
1705 1710
1705 666
1706 1472
1706 1702
1706 317
1707 1704
1707 1708
1707 1474
1708 1701
1708 2014
1708 1707
1709 666
1709 663
1709 2422
1710 1705
1710 2014
1710 1473
1711 1713
1711 214
1712 214
1712 1676
1713 1711
1713 1679
1713 925
1713 2733
1714 237
1714 216
1714 324
1714 677
1715 1717
1715 674
1715 1723
1715 215
1716 1676
1716 1688
1717 1722
1717 1715
1717 676
1718 324
1718 328
1718 338
1719 1721
1719 212
1719 1725
1720 1724
1720 211
1720 1103
1720 2734
1721 1722
1721 1719
1721 216
1722 1721
1722 1717
1722 1726
1723 1728
1723 1715
1723 1676
1724 1727
1724 2733
1724 1720
1724 1730
1725 1730
1725 305
1725 1719
1726 300
1726 680
1726 1722
1727 1731
1727 1724
1727 1688
1728 301
1728 1729
1728 1696
1728 1685
1728 1723
1729 1695
1729 1728
1730 307
1730 1725
1730 1724
1731 304
1731 1727
1732 1736
1732 1733
1732 2852
1732 1734
1733 2855
1733 1732
1733 1737
1734 2844
1734 1732
1734 2849
1735 1596
1735 1741
1735 1739
1735 2848
1736 1738
1736 1732
1736 2829
1737 1733
1737 2853
1737 3051
1738 1736
1738 1740
1738 3048
1739 2846
1739 1735
1740 1738
1741 1735
1741 3052
1742 894
1742 1745
1742 1777
1743 1751
1743 1749
1744 895
1744 1752
1744 1278
1744 1610
1745 1746
1745 1742
1745 895
1746 1745
1746 1749
1747 2183
1747 1775
1747 889
1748 1750
1748 1756
1748 2181
1749 1746
1749 1743
1749 1757
1750 1748
1750 1755
1751 1753
1751 1743
1752 1744
1752 1615
1752 1754
1753 1755
1753 1754
1753 1751
1754 1753
1754 1752
1755 1753
1755 1750
1756 1758
1756 1748
1756 1760
1756 2183
1757 1762
1757 1610
1757 1764
1757 1749
1758 1756
1758 1761
1759 1760
1760 1759
1760 1756
1760 2769
1761 1766
1761 2766
1761 1758
1762 1757
1762 1771
1763 1764
1764 1767
1764 1637
1764 1763
1764 1757
1765 1766
1765 1770
1766 1768
1766 1765
1766 1761
1767 2872
1767 1764
1767 1797
1768 1766
1768 1772
1768 2873
1769 2770
1769 1794
1769 2874
1769 1772
1770 1797
1770 2910
1770 1765
1771 2871
1771 2876
1771 1762
1772 1768
1772 1791
1772 1769
1773 1774
1774 1773
1774 1776
1774 919
1774 1495
1775 1776
1775 1747
1776 1774
1776 1778
1776 1775
1776 2777
1777 1640
1777 1787
1777 917
1777 1742
1778 1780
1778 1776
1778 2775
1779 1785
1779 918
1779 1781
1780 1781
1780 1778
1781 1780
1781 1779
1782 1819
1783 1785
1783 1814
1783 1786
1784 1786
1784 2782
1784 2801
1784 1833
1785 1783
1785 1779
1785 1792
1786 1784
1786 1783
1787 1788
1787 1777
1787 1655
1788 1787
1788 1789
1788 1793
1789 1792
1789 1788
1789 1790
1790 1794
1790 2784
1790 1791
1790 1789
1791 1793
1791 1772
1791 1790
1792 1796
1792 1789
1792 1785
1793 1795
1793 1791
1793 1788
1794 1790
1794 1769
1795 1793
1795 2910
1796 1792
1796 2909
1796 2913
1797 1770
1797 1767
1798 2239
1798 1802
1798 2238
1799 1423
1799 2241
1799 1847
1800 1801
1800 1812
1800 1804
1801 1802
1801 1800
1801 1813
1802 1803
1802 1801
1802 1798
1803 1802
1803 1805
1804 1811
1804 1808
1804 1800
1804 3319
1805 1808
1805 1803
1806 1808
1806 1810
1806 2240
1807 1809
1807 1815
1807 2796
1808 1805
1808 1806
1808 1804
1808 1820
1809 1807
1809 1813
1809 2804
1810 1806
1810 1818
1810 1234
1811 1804
1811 1819
1811 3325
1812 1814
1812 1816
1812 1800
1813 1801
1813 1809
1813 1823
1814 1812
1814 1783
1815 1817
1815 1825
1815 1822
1815 1807
1816 1812
1816 1821
1817 1818
1817 1815
1818 1817
1818 1826
1818 1810
1819 1821
1819 1782
1819 1811
1819 1832
1819 3330
1820 1823
1820 1808
1820 1830
1820 1835
1821 1819
1821 1816
1821 1831
1822 1827
1822 1815
1822 2824
1822 2814
1823 1825
1823 1834
1823 1820
1823 1813
1824 1830
1824 1838
1824 3331
1825 1815
1825 1823
1825 2812
1826 1818
1826 1829
1827 1828
1827 1822
1828 2817
1828 1827
1828 2815
1829 1830
1829 3114
1829 1826
1830 1829
1830 1824
1830 1820
1831 1840
1831 1833
1831 1821
1831 1835
1832 1835
1832 1839
1832 1819
1833 1831
1833 1834
1833 1784
1833 3006
1834 2812
1834 1823
1834 1833
1835 1832
1835 1831
1835 1820
1836 1839
1836 3332
1836 2202
1837 3333
1837 1551
1837 1838
1837 2268
1838 2202
1838 1841
1838 1837
1838 1824
1839 1836
1839 1832
1839 2378
1839 2206
1840 2203
1840 1831
1840 2909
1841 1553
1841 1838
1842 1843
1842 1440
1843 1842
1843 1844
1844 1846
1844 1843
1844 3106
1845 1848
1845 2820
1845 2854
1846 1844
1846 1847
1846 1849
1847 1846
1847 1799
1848 1845
1848 1565
1848 3103
1849 1846
1849 3105
1849 1233
1850 369
1850 1853
1850 357
1850 345
1851 347
1851 1853
1851 1959
1851 707
1852 1856
1852 1956
1852 367
1853 1955
1853 1850
1853 1851
1854 1855
1854 1959
1854 1957
1855 2047
1855 2124
1855 1854
1856 1957
1856 1852
1856 1961
1857 1858
1857 282
1858 1859
1858 1857
1858 1863
1859 1858
1859 262
1860 1864
1860 1863
1860 279
1861 1862
1861 285
1861 1867
1862 1869
1862 1861
1862 2055
1862 2053
1863 1868
1863 1858
1863 1860
1863 1865
1864 1870
1864 1860
1865 1871
1865 1863
1866 532
1866 1874
1867 1861
1867 1878
1867 283
1868 1863
1868 1872
1869 1862
1869 1871
1869 1881
1870 1872
1870 1864
1870 1874
1871 1865
1871 1869
1871 1875
1871 1880
1872 1870
1872 1868
1872 1877
1873 1875
1873 1879
1873 2055
1874 1876
1874 1870
1874 1866
1875 1873
1875 1882
1875 1871
1876 1883
1876 1874
1876 1878
1876 1880
1877 363
1877 1872
1877 1883
1878 1884
1878 1876
1878 1867
1879 1873
1879 1886
1879 2036
1880 1885
1880 1871
1880 1876
1881 1887
1881 1882
1881 1869
1882 1885
1882 1875
1882 1881
1883 1876
1883 1877
1883 1894
1884 1878
1884 1889
1885 1882
1885 1886
1885 1880
1886 1890
1886 1885
1886 1879
1887 1888
1887 1891
1887 1881
1888 1892
1888 1887
1888 2067
1889 1982
1889 1891
1889 1884
1890 1886
1890 1898
1890 2125
1891 1896
1891 1887
1891 1889
1892 1888
1892 1893
1893 1892
1893 2154
1894 1897
1894 1883
1895 1898
1895 1896
1896 1891
1896 1895
1897 1894
1897 1987
1897 1982
1898 1985
1898 1895
1898 1890
1898 2151
1899 1671
1899 1029
1899 1903
1899 562
1900 1673
1900 561
1900 1908
1901 566
1901 1913
1902 1904
1902 668
1902 560
1903 1899
1903 1905
1903 565
1903 1908
1904 1902
1904 1917
1904 1906
1905 1907
1905 1903
1905 1674
1906 1910
1906 1921
1906 1904
1907 1905
1907 1916
1908 1914
1908 1903
1908 1920
1908 1900
1909 1914
1909 1913
1910 1912
1910 1906
1911 1921
1911 679
1911 673
1912 1910
1912 1923
1913 1915
1913 1909
1913 1901
1914 1909
1914 1923
1914 1908
1915 1913
1915 1918
1916 1907
1916 1920
1916 1691
1917 1921
1917 1904
1918 1919
1918 659
1918 1915
1919 1918
1920 1916
1920 1925
1920 1908
1921 1911
1921 1917
1921 1906
1922 1925
1922 1924
1923 1912
1923 1914
1924 660
1924 679
1924 1922
1924 683
1925 1922
1925 1920
1926 2436
1926 1953
1927 1930
1927 2556
1927 1931
1928 1932
1928 2079
1928 1935
1929 1931
1929 1603
1929 1269
1929 2430
1930 1934
1930 2436
1930 1927
1931 1929
1931 1936
1931 2433
1931 1927
1932 1928
1932 2086
1932 2315
1932 2091
1933 2090
1933 2303
1933 2407
1934 1930
1934 1937
1934 2316
1935 1936
1935 2316
1935 1928
1936 1935
1936 2305
1936 2302
1936 2407
1936 1931
1937 1934
1937 2575
1937 1647
1938 349
1938 1943
1938 1941
1939 1942
1939 348
1939 1945
1940 2420
1940 1946
1940 1942
1941 1960
1941 2134
1941 1938
1942 1943
1942 1939
1942 1940
1943 1942
1943 1944
1943 1938
1943 1970
1944 1943
1944 1949
1945 2569
1945 1413
1945 2435
1945 1939
1946 1947
1946 1950
1946 2431
1946 1940
1946 2435
1947 1946
1947 1948
1948 1949
1948 1953
1948 1947
1949 1948
1949 1944
1949 1951
1950 1946
1950 2106
1950 2086
1950 2436
1951 1949
1951 2108
1951 2106
1952 1954
1952 1413
1953 1948
1953 1954
1953 2575
1953 1926
1954 1952
1954 1953
1954 2331
1954 3324
1955 1853
1955 1961
1956 1958
1956 1852
1956 2042
1956 1964
1956 2125
1957 1958
1957 1856
1957 1854
1958 1957
1958 1956
1958 366
1959 1960
1959 1854
1959 1851
1960 1959
1960 1963
1960 1941
1961 1962
1961 1856
1961 1955
1962 1961
1962 1969
1962 1432
1963 1960
1963 1966
1964 1965
1964 1956
1964 2146
1965 1964
1965 1992
1965 1969
1966 1968
1966 1963
1966 2136
1967 1972
1968 1966
1968 2140
1968 1971
1969 1977
1969 1965
1969 1962
1969 1990
1970 1971
1970 2110
1970 1943
1971 1972
1971 1970
1971 1968
1971 2144
1972 1967
1972 1971
1972 1974
1972 1977
1973 1979
1973 1432
1974 1978
1974 1972
1975 1978
1975 1979
1976 1977
1976 2000
1976 2592
1976 2591
1977 1976
1977 1972
1977 1969
1978 1974
1978 1975
1978 1980
1979 1973
1979 1975
1979 2593
1979 2331
1980 2330
1980 1978
1980 2596
1981 2595
1981 2591
1981 2010
1982 1889
1982 1897
1982 1984
1983 1986
1983 1988
1983 1443
1984 1447
1984 553
1984 1994
1984 1982
1985 1898
1985 1991
1986 1983
1986 1990
1987 1897
1987 1989
1988 1989
1988 1983
1989 1988
1989 1449
1989 1987
1990 1986
1990 1992
1990 1969
1991 1993
1991 1985
1991 2157
1992 1993
1992 1965
1992 1990
1993 1992
1993 1991
1993 1997
1993 2168
1994 1996
1994 1984
1995 1997
1995 1996
1995 2002
1996 1994
1996 1995
1996 2004
1997 1995
1997 1993
1998 2006
1998 2002
1998 1454
1999 2003
1999 2002
2000 2001
2000 1976
2001 2000
2001 2009
2001 1464
2002 1999
2002 2004
2002 1995
2002 2630
2002 1998
2003 2011
2003 1999
2004 2008
2004 2002
2004 1996
2005 2010
2005 2007
2005 2525
2006 2009
2006 1998
2006 2630
2007 2005
2007 2630
2007 2008
2008 2004
2008 2007
2008 2523
2009 2006
2009 2001
2009 2628
2010 2005
2010 1981
2011 2012
2011 2003
2011 2629
2012 2011
2012 1463
2012 2286
2013 665
2013 2016
2014 1708
2014 1477
2014 1710
2015 2017
2015 665
2016 2019
2016 2013
2017 2015
2017 2021
2017 2023
2018 2020
2018 661
2019 2016
2019 1474
2020 2018
2020 2022
2020 2028
2020 2957
2021 2025
2021 2017
2021 2022
2022 2020
2022 2021
2023 2026
2023 2017
2024 2027
2024 2030
2025 2021
2025 2026
2026 2023
2026 2025
2026 2027
2027 2024
2027 2026
2028 2402
2028 2406
2028 2029
2028 1477
2028 2020
2029 2089
2029 2028
2030 2033
2030 2032
2030 2081
2030 2024
2031 2660
2031 2408
2032 2653
2032 2030
2033 2655
2033 2705
2033 2030
2034 2422
2034 2073
2034 663
2034 689
2035 2039
2035 736
2036 2041
2036 360
2036 1879
2037 2044
2037 731
2038 2041
2038 2047
2039 2035
2039 2047
2040 2041
2040 2045
2041 2038
2041 2040
2041 2042
2041 2036
2042 2041
2042 366
2042 1956
2043 2045
2043 2068
2043 2125
2044 2048
2044 2037
2045 2046
2045 2043
2045 2040
2046 2045
2046 2128
2047 1855
2047 2039
2047 2038
2048 2044
2048 709
2049 1111
2049 1112
2050 2054
2050 1111
2051 2054
2051 2055
2052 2061
2053 2063
2053 285
2053 2058
2053 1862
2054 2051
2054 2050
2054 717
2055 2051
2055 1862
2055 1873
2056 2057
2056 1111
2057 2056
2057 720
2057 734
2057 729
2058 1112
2058 2053
2058 2061
2059 2060
2059 2064
2060 2061
2060 2059
2061 2060
2061 2052
2061 2066
2061 2058
2062 2064
2062 136
2063 2065
2063 2053
2063 2066
2064 2062
2064 2059
2064 2070
2065 2067
2065 2063
2066 2063
2066 2061
2066 135
2067 2065
2067 1888
2068 2069
2068 2043
2068 738
2068 730
2069 2070
2069 2068
2069 2150
2070 137
2070 2069
2070 2064
2071 2075
2071 2074
2071 2957
2071 2078
2072 2077
2072 2412
2073 2076
2073 2034
2073 2957
2074 2071
2074 2081
2074 691
2075 2071
2075 2955
2076 2073
2076 2422
2076 2402
2076 2085
2077 2072
2077 2080
2077 2431
2078 2080
2078 2071
2079 2080
2079 1928
2080 2082
2080 2079
2080 2077
2080 2078
2080 2097
2081 2074
2081 2030
2082 2083
2082 2080
2082 2086
2082 2100
2083 2082
2083 2088
2084 2088
2084 2091
2085 2089
2085 2076
2086 1932
2086 2082
2086 2114
2086 1950
2087 2088
2087 2438
2088 2087
2088 2084
2088 2083
2089 2090
2089 2029
2089 2085
2089 2091
2090 2089
2090 1933
2090 2437
2091 2089
2091 2441
2091 2084
2091 1932
2092 709
2092 2134
2093 2095
2093 710
2094 2095
2094 2096
2095 2093
2095 2094
2095 2098
2096 2097
2096 2094
2097 2100
2097 2096
2097 2098
2097 2080
2098 2095
2098 2102
2098 2097
2099 2135
2099 2139
2099 2115
2099 2101
2100 2097
2100 2104
2100 2082
2101 2113
2101 2099
2101 2104
2102 2098
2102 2105
2102 2106
2103 2107
2103 2112
2103 2140
2104 2109
2104 2116
2104 2100
2104 2101
2105 2109
2105 2102
2106 2471
2106 2102
2106 1950
2106 1951
2107 2103
2107 2115
2108 2110
2108 2119
2108 2111
2108 1951
2109 2105
2109 2104
2109 2114
2110 2112
2110 2108
2110 1970
2111 2108
2112 2110
2112 2103
2113 2470
2113 2101
2114 2471
2114 2109
2114 2086
2115 2107
2115 2143
2115 2099
2115 2472
2116 2478
2116 2104
2117 2474
2117 2120
2118 2121
2119 2120
2119 2121
2119 2108
2120 2119
2120 2117
2121 2473
2121 2118
2121 2119
2122 2126
2123 2126
2123 2127
2124 1855
2125 2129
2125 1956
2125 2043
2125 1890
2126 2122
2126 2123
2126 2133
2127 2150
2127 2123
2127 2153
2128 2131
2128 2046
2128 2132
2129 2130
2129 2131
2129 2125
2130 2129
2130 2153
2130 2138
2131 2128
2131 2138
2131 2133
2131 2129
2132 2137
2132 2128
2132 2134
2133 2126
2133 2131
2134 2092
2134 2140
2134 1941
2134 2135
2134 2132
2135 2099
2135 2134
2136 2141
2136 1966
2137 2132
2137 2142
2137 2141
2137 2143
2138 2142
2138 2131
2138 2166
2138 2130
2139 2099
2139 2143
2140 1968
2140 2103
2140 2134
2141 2136
2141 2137
2141 2144
2142 2138
2142 2137
2142 2148
2143 2139
2143 2115
2143 2137
2143 2500
2144 2149
2144 1971
2144 2141
2145 2146
2145 2595
2145 2525
2146 2145
2146 2147
2146 1964
2147 2146
2147 2149
2148 2498
2148 2502
2148 2142
2149 2144
2149 2498
2149 2147
2149 2596
2150 2127
2150 2069
2151 1898
2152 2158
2152 137
2152 136
2153 2156
2153 2130
2153 2127
2154 2155
2154 1893
2155 2157
2155 2154
2156 2153
2156 2158
2157 2155
2157 1991
2158 2159
2158 2156
2158 2152
2159 2158
2159 2162
2159 2163
2160 2163
2161 2165
2162 2167
2162 2159
2162 2166
2163 2160
2163 2164
2163 2159
2164 2165
2164 2163
2164 2169
2165 2161
2165 2164
2165 2522
2166 2138
2166 2162
2167 2162
2167 2173
2168 2171
2168 1993
2169 2164
2169 2535
2170 2173
2171 2168
2171 2174
2172 2523
2173 2170
2173 2524
2173 2167
2173 2499
2174 2171
2174 2525
2174 2528
2174 2522
2175 168
2175 2178
2176 164
2176 2182
2177 2178
2177 2186
2178 2177
2178 2180
2178 2175
2179 2180
2179 167
2179 2183
2180 2179
2180 2178
2181 2186
2181 1748
2182 2754
2182 2176
2182 2753
2183 1747
2183 2179
2183 1756
2184 2754
2184 2755
2184 2772
2185 2186
2186 2185
2186 2177
2186 2181
2187 2189
2187 2914
2187 2209
2188 2196
2188 2895
2188 2198
2189 2187
2189 2190
2189 2194
2190 2192
2190 2189
2191 2897
2191 2198
2192 2190
2192 2197
2192 2993
2193 3339
2193 2195
2193 2360
2194 2189
2194 2195
2195 2194
2195 2219
2195 2193
2195 3233
2196 2200
2196 2188
2197 2192
2197 2908
2198 2201
2198 2191
2198 2188
2199 2201
2199 3002
2200 2196
2200 2371
2201 2199
2201 2198
2202 1838
2202 1836
2203 1840
2203 2204
2204 2207
2204 2210
2204 2203
2205 2212
2205 2213
2205 2207
2206 2208
2206 1839
2207 2211
2207 2205
2207 2204
2208 2206
2208 2390
2208 3226
2209 2216
2209 2187
2210 3231
2210 2390
2210 2204
2211 2218
2211 2207
2211 3240
2212 2215
2212 3227
2212 2205
2213 2205
2213 3246
2214 3229
2214 3023
2214 3021
2215 2216
2215 3229
2215 2212
2216 2215
2216 2209
2216 3228
2217 2397
2217 3232
2218 2211
2218 3227
2218 3226
2218 3125
2219 3228
2219 2195
2220 924
2220 922
2221 922
2221 2225
2222 921
2222 2226
2222 915
2222 1501
2223 1507
2223 2224
2224 924
2224 2230
2224 2223
2224 1225
2225 2227
2225 2221
2226 2229
2226 2222
2227 2225
2227 2236
2228 1223
2228 2236
2228 1416
2229 2231
2229 2226
2229 2233
2230 2233
2230 2224
2230 2238
2231 2229
2231 2237
2232 1420
2232 1415
2232 913
2233 2230
2233 2229
2233 2235
2233 2239
2234 1514
2234 2239
2235 2233
2235 913
2236 2237
2236 2228
2236 2227
2237 2236
2237 2241
2237 2231
2238 1234
2238 2230
2238 1798
2239 1798
2239 2234
2239 2233
2240 2241
2240 1233
2240 1806
2241 2240
2241 2237
2241 1799
2242 2243
2242 1046
2243 2242
2243 1215
2243 2246
2244 2246
2244 2247
2245 2247
2245 1217
2245 923
2246 2244
2246 2243
2247 2245
2247 1214
2247 2244
2247 1220
2248 3334
2248 2376
2249 2252
2249 2251
2249 2250
2250 1439
2250 2249
2250 2256
2250 2254
2251 2258
2251 2249
2251 1441
2251 1462
2252 2249
2252 2258
2252 2263
2253 2255
2253 2593
2254 3326
2254 1423
2254 3323
2254 2250
2255 2253
2255 2258
2255 2261
2256 2257
2256 2250
2256 1438
2256 2266
2257 2256
2257 2259
2258 2255
2258 2251
2258 2252
2259 2257
2259 2264
2259 1441
2260 2262
2260 2264
2261 2265
2261 2255
2262 2260
2262 1580
2262 3104
2263 2267
2263 2252
2264 2260
2264 2259
2264 2282
2265 2261
2265 2601
2265 2273
2266 2268
2266 2276
2266 2256
2267 2270
2267 2263
2267 2272
2268 2266
2268 1548
2268 1837
2269 2270
2269 2274
2270 2269
2270 2267
2270 2284
2271 2275
2271 3329
2271 2599
2272 2275
2272 2279
2272 2267
2273 2274
2273 2277
2273 2265
2274 2269
2274 2273
2274 2276
2275 2272
2275 2271
2275 2613
2276 2281
2276 2274
2276 2266
2277 3351
2277 2273
2277 2283
2277 2278
2278 3354
2278 2296
2278 2277
2279 2284
2279 2272
2279 3349
2280 3350
2281 2276
2281 3356
2281 2282
2282 3357
2282 2281
2282 2264
2283 2625
2283 2284
2283 3202
2283 2277
2284 3353
2284 2279
2284 2283
2284 2270
2285 1441
2285 1464
2286 2290
2286 2288
2286 2012
2287 2289
2287 1464
2287 2628
2287 2636
2288 2286
2288 2295
2289 2290
2289 2287
2290 2286
2290 2289
2290 2292
2291 1579
2291 2293
2292 2637
2292 2290
2292 2294
2293 2291
2293 1573
2293 2301
2294 2298
2294 2297
2294 2292
2295 2297
2295 2288
2296 2298
2296 2278
2296 2646
2297 2299
2297 2294
2297 2295
2297 3387
2298 2294
2298 2296
2299 2297
2299 2300
2299 3389
2300 2301
2300 2299
2301 2300
2301 1597
2301 2293
2302 1603
2302 1936
2302 1605
2302 2306
2302 2405
2303 2304
2303 1933
2303 2671
2303 2410
2304 2305
2304 2303
2305 2304
2305 1936
2305 2319
2305 2310
2306 1614
2306 2308
2306 2302
2307 2309
2307 2672
2308 2311
2308 2306
2308 2410
2309 2689
2309 2690
2309 2307
2309 2312
2310 2311
2310 2305
2310 2932
2311 2308
2311 2310
2311 2314
2311 2313
2312 2721
2312 2309
2313 2721
2313 2720
2313 2311
2314 2719
2314 3164
2314 2311
2315 2317
2315 2576
2315 1932
2316 2318
2316 2320
2316 1935
2316 1934
2317 2315
2317 2577
2317 2320
2317 2444
2318 2319
2318 2316
2319 2318
2319 2444
2319 2305
2320 2321
2320 2316
2320 2317
2321 2583
2321 2323
2321 2326
2321 2320
2322 2450
2322 2327
2322 2696
2323 2325
2323 2321
2324 2492
2324 2328
2325 2329
2325 2323
2325 2328
2325 2590
2326 2329
2326 2321
2326 2929
2326 2377
2327 2931
2327 2932
2327 2322
2328 2934
2328 2325
2328 2324
2329 2325
2329 2326
2329 2937
2330 1980
2330 2473
2330 2332
2331 2333
2331 1954
2331 1979
2331 3320
2332 2330
2332 2333
2332 2597
2332 2581
2333 2331
2333 2578
2333 2332
2334 3178
2334 3172
2334 2337
2335 3174
2335 2365
2335 2367
2335 3171
2336 3178
2336 3169
2336 2923
2337 2341
2337 2334
2337 2344
2338 2342
2338 2343
2338 3176
2339 2340
2339 3177
2339 2372
2340 2339
2340 2918
2341 2337
2341 2903
2342 2338
2342 2899
2343 2338
2343 3163
2343 2345
2344 2337
2345 2923
2345 2343
2346 2349
2346 2351
2347 2348
2347 2350
2348 1664
2348 2347
2349 2346
2349 1664
2349 3335
2349 2358
2350 2352
2350 2347
2350 1660
2351 1663
2351 2346
2351 1662
2351 2354
2351 2938
2352 2350
2352 3165
2352 1662
2352 2354
2353 2357
2353 2359
2353 1664
2354 2355
2354 2352
2354 2351
2354 2363
2355 2354
2355 3177
2355 2365
2356 2361
2356 2358
2356 2385
2357 2358
2357 2353
2358 2357
2358 2356
2358 2364
2358 2349
2359 2353
2359 2360
2359 2909
2360 2359
2360 2193
2360 2367
2360 2911
2361 2356
2361 3337
2362 2363
2362 2953
2363 2362
2363 2369
2363 2354
2363 2364
2364 2358
2364 2374
2364 2363
2365 2366
2365 2369
2365 2335
2365 2355
2366 2368
2366 2365
2367 2371
2367 2368
2367 2335
2367 2360
2368 2366
2368 2367
2368 2374
2369 2370
2369 2365
2369 2363
2370 2369
2370 2372
2371 2367
2371 2200
2372 2370
2372 2339
2373 2374
2373 3344
2374 2373
2374 2368
2374 2364
2375 2380
2375 3334
2376 2379
2376 2248
2376 2377
2377 2376
2377 3335
2377 2326
2378 2380
2378 1839
2378 2384
2378 3330
2379 2382
2379 2376
2379 2381
2379 2588
2380 2375
2380 2378
2380 3335
2381 2379
2381 2383
2381 2389
2382 3183
2382 2379
2382 2387
2383 2381
2383 3349
2384 2385
2384 2378
2384 2386
2385 2384
2385 2356
2386 2388
2386 2384
2387 2391
2387 2382
2387 3191
2388 2386
2388 2392
2388 2390
2389 2391
2389 2381
2389 2393
2389 2396
2390 2388
2390 2208
2390 2210
2391 2387
2391 2389
2391 2395
2392 2394
2392 2388
2393 3342
2393 3343
2393 3372
2393 2389
2394 2392
2394 2396
2394 3338
2394 3343
2395 2391
2395 3336
2396 2394
2396 3336
2396 2389
2397 3338
2397 2217
2398 1478
2398 1265
2398 2404
2399 2400
2399 2404
2399 1270
2400 2399
2400 1476
2400 2408
2401 1478
2401 2403
2401 2433
2402 2076
2402 2028
2402 2434
2403 2405
2403 2401
2403 1475
2403 2406
2404 2405
2404 2398
2404 2399
2405 2404
2405 2403
2405 2409
2405 2302
2406 2403
2406 2028
2406 2407
2406 2408
2407 2434
2407 1936
2407 2406
2407 1933
2408 2409
2408 2400
2408 2406
2408 2031
2409 2410
2409 2408
2409 2405
2409 1270
2410 2409
2410 2303
2410 2308
2411 2416
2411 321
2411 2419
2411 307
2412 320
2412 2072
2412 2420
2412 342
2413 2427
2413 2416
2413 305
2414 318
2414 319
2415 2420
2415 2416
2415 303
2416 2411
2416 2413
2416 2415
2417 2424
2417 314
2418 319
2418 2423
2419 319
2419 2411
2420 2415
2420 1940
2420 2412
2420 2431
2421 2424
2421 2429
2422 2034
2422 2076
2422 2429
2422 1709
2423 2426
2423 1470
2423 2418
2424 2421
2424 2417
2424 316
2424 2431
2425 2427
2425 1291
2426 2430
2426 2423
2426 2428
2426 1479
2427 2425
2427 2413
2427 2569
2428 2426
2428 1283
2429 2421
2429 2432
2429 2422
2430 2426
2430 1929
2431 1946
2431 2077
2431 2420
2431 2424
2432 2433
2432 2434
2432 2429
2433 2432
2433 2401
2433 1931
2434 2432
2434 2407
2434 2402
2435 2436
2435 1946
2435 1945
2436 2435
2436 1926
2436 1930
2436 1950
2437 2706
2437 2661
2437 2675
2437 2090
2438 2442
2438 2087
2439 2707
2439 2440
2440 2705
2440 2443
2440 2445
2440 2439
2441 2707
2441 2444
2441 2091
2442 2449
2442 2704
2442 2438
2443 2447
2443 2440
2443 2449
2444 2441
2444 2446
2444 2319
2444 2317
2445 2680
2445 2447
2445 2440
2446 2448
2446 2444
2447 2443
2447 2445
2448 2446
2448 2450
2448 2675
2449 2451
2449 2457
2449 2442
2449 2443
2450 2681
2450 2448
2450 2322
2451 2453
2451 2449
2451 2465
2452 2454
2452 2485
2453 2451
2453 2461
2453 2675
2454 2452
2454 2460
2454 2457
2455 2456
2455 2680
2455 2466
2456 2455
2457 2464
2457 2449
2457 2454
2458 2468
2458 2486
2459 2462
2459 2461
2460 2494
2460 2454
2460 2465
2460 2464
2461 2459
2461 2453
2461 2702
2462 2467
2462 2459
2463 2469
2463 2466
2464 2468
2464 2457
2464 2489
2464 2460
2465 3408
2465 2460
2465 2451
2466 2463
2466 2455
2466 3287
2467 2462
2467 3405
2467 2468
2468 2464
2468 2458
2468 2467
2468 3413
2469 2463
2469 3405
2470 2472
2470 2113
2470 2478
2471 2476
2471 2114
2471 2106
2472 2470
2472 2115
2472 2506
2473 2121
2473 2330
2474 2117
2474 2479
2475 2476
2475 2482
2476 2477
2476 2475
2476 2471
2477 2476
2477 2577
2478 2480
2478 2116
2478 2470
2479 2483
2479 2509
2479 2481
2479 2474
2480 2478
2480 2481
2480 2490
2480 2489
2481 2479
2481 2484
2481 2480
2482 2484
2482 2581
2482 2475
2483 2609
2483 2479
2483 2484
2484 2482
2484 2584
2484 2483
2484 2481
2484 2497
2485 2452
2485 2580
2486 2487
2486 2458
2487 2486
2487 2489
2488 2491
2488 3423
2488 2506
2489 2487
2489 2464
2489 2495
2489 2480
2490 2491
2490 2521
2490 2495
2490 2480
2491 2488
2491 2490
2492 2324
2492 3424
2492 2494
2493 2495
2493 2497
2493 3424
2494 2460
2494 2492
2495 2493
2495 2490
2495 2489
2496 2497
2496 3426
2497 2496
2497 2493
2497 2484
2498 2149
2498 2148
2498 2501
2498 2513
2499 2503
2499 2173
2500 2501
2500 2510
2500 2143
2501 2500
2501 2502
2501 2498
2502 2501
2502 2505
2502 2148
2503 2499
2503 2505
2504 2511
2504 2508
2505 2502
2505 2503
2505 2515
2506 2508
2506 2488
2506 2472
2507 2511
2508 2506
2508 2504
2509 2512
2509 2514
2509 2479
2510 2511
2510 2500
2510 2516
2511 2507
2511 2510
2511 2514
2511 2504
2512 2509
2513 2516
2513 2603
2513 2622
2513 2498
2514 2509
2514 2511
2514 2517
2515 2520
2515 2505
2515 3447
2516 2513
2516 2510
2516 2518
2517 2514
2517 2521
2518 3445
2518 2516
2518 2534
2519 2520
2520 2519
2520 2541
2520 3075
2520 2515
2521 2915
2521 2490
2521 2517
2522 2523
2522 2527
2522 2174
2522 2165
2523 2522
2523 2172
2523 2008
2524 2526
2524 2173
2525 2174
2525 2533
2525 2145
2525 2005
2526 2524
2526 2534
2527 2529
2527 2522
2528 2531
2528 2174
2529 2530
2529 2527
2529 2535
2530 2532
2530 2529
2531 2528
2531 2538
2531 2534
2532 2530
2532 2536
2533 2525
2533 2534
2533 2633
2533 2595
2534 2531
2534 2533
2534 2518
2534 2526
2535 2540
2535 2529
2535 2169
2536 2537
2536 2532
2537 2536
2537 2638
2538 2531
2538 2542
2538 2539
2539 2543
2539 2538
2539 2540
2540 2535
2540 3074
2540 2539
2541 2543
2541 2520
2542 2538
2542 2544
2543 2539
2543 2541
2543 2546
2544 2542
2544 3260
2544 3074
2545 2649
2545 3204
2545 3445
2546 3077
2546 3445
2546 2543
2547 2958
2547 2962
2547 2959
2548 2551
2548 1294
2548 2553
2548 1290
2549 1292
2549 2555
2549 1286
2550 2554
2550 1290
2550 1289
2550 1640
2551 2558
2551 2548
2552 2554
2552 2555
2553 1292
2553 2548
2554 2557
2554 2550
2554 2552
2555 2556
2555 2549
2555 2552
2556 2555
2556 2559
2556 1291
2556 1927
2557 2554
2557 1269
2558 2551
2559 1642
2559 2556
2560 2561
2560 2563
2560 502
2561 2560
2561 2568
2561 521
2562 505
2562 504
2562 1286
2562 2567
2563 2564
2563 2560
2563 920
2563 1405
2564 2563
2564 2566
2565 2567
2565 2573
2566 2567
2566 2564
2566 2572
2567 2566
2567 2565
2567 2562
2568 2561
2568 1429
2569 1945
2569 2570
2569 2427
2570 2571
2570 2569
2571 2570
2571 1406
2572 2574
2572 2566
2572 2573
2573 1409
2573 2572
2573 1286
2573 2565
2574 2572
2574 1410
2575 1937
2575 1953
2575 2576
2576 2315
2576 2579
2576 2575
2577 2580
2577 2317
2577 2477
2578 2582
2578 2585
2578 2333
2579 2586
2579 2576
2579 2582
2580 2577
2580 2485
2581 2584
2581 2482
2581 2582
2581 2332
2582 2578
2582 2581
2582 2579
2583 2586
2583 2321
2584 2609
2584 2581
2584 2484
2584 2618
2585 2617
2585 2578
2585 2599
2586 2587
2586 2583
2586 2579
2587 2586
2587 2589
2587 3185
2588 2379
2588 2626
2588 3327
2589 2590
2589 2587
2590 2589
2590 2325
2590 3184
2591 1981
2591 1976
2591 2600
2592 2594
2592 2593
2592 1976
2593 2592
2593 2253
2593 2598
2593 1979
2594 2592
2595 1981
2595 2145
2595 2533
2595 2602
2596 2598
2596 1980
2596 2603
2596 2149
2597 2598
2597 2604
2597 2332
2598 2597
2598 2596
2598 2593
2599 2271
2599 2585
2599 3323
2600 2602
2600 2605
2600 2603
2600 2591
2601 2607
2601 2265
2601 2610
2602 2600
2602 2633
2602 2595
2603 2600
2603 2513
2603 2596
2604 2615
2604 2610
2604 2597
2605 2600
2605 2606
2606 2612
2606 2605
2606 2614
2607 2601
2608 2614
2608 2635
2608 2640
2609 2483
2609 2584
2609 2611
2610 2612
2610 2604
2610 2601
2611 2618
2611 2609
2612 2610
2612 2606
2612 2616
2612 2619
2613 2620
2613 2625
2613 2275
2614 2608
2614 2619
2614 2606
2615 2621
2615 2604
2615 2620
2616 2612
2616 2623
2616 2624
2617 2620
2617 2626
2617 2585
2618 2621
2618 2611
2618 2584
2619 2614
2619 2612
2619 3202
2620 2613
2620 2617
2620 2615
2621 2615
2621 2627
2621 2618
2622 2623
2622 3206
2622 2513
2623 2616
2623 2627
2623 2622
2623 3203
2624 3204
2624 3251
2624 2616
2625 2283
2625 3349
2625 2613
2626 2617
2626 3349
2626 2588
2627 2621
2627 3205
2627 2623
2628 2009
2628 2287
2629 2011
2629 2631
2630 2002
2630 2006
2630 2007
2630 2631
2631 2632
2631 2629
2631 2630
2632 2631
2632 2634
2633 2635
2633 2533
2633 2602
2634 2639
2634 2632
2635 2608
2635 2633
2636 2639
2636 2641
2636 2287
2637 2639
2637 2292
2637 2642
2638 2643
2638 2537
2639 2637
2639 2636
2639 2634
2639 2644
2640 2641
2640 2608
2641 2640
2641 2645
2641 2636
2642 2637
2643 2638
2643 2644
2644 2650
2644 2643
2644 2639
2645 2646
2645 2641
2645 2651
2646 2645
2646 3258
2646 2296
2647 3249
2648 2650
2648 3250
2649 2545
2649 3260
2650 2648
2650 2651
2650 3254
2650 2644
2651 2650
2651 3249
2651 2645
2652 2654
2652 2653
2653 2652
2653 2656
2653 2664
2653 2032
2654 2652
2655 2658
2655 2033
2656 2653
2656 2667
2656 2661
2657 2658
2658 2657
2658 2655
2658 2662
2659 2660
2659 2665
2660 2659
2660 2031
2660 2663
2661 2669
2661 2656
2661 2437
2662 2669
2662 2658
2663 2673
2663 2668
2663 2671
2663 2660
2664 2676
2664 2653
2665 2670
2665 2659
2665 2673
2666 2672
2666 2670
2667 2668
2667 2676
2667 2656
2668 2667
2668 2663
2668 2682
2669 2662
2669 2661
2669 2686
2669 2684
2670 2665
2670 2676
2670 2677
2670 2666
2671 2663
2671 2681
2671 2682
2671 2303
2672 2683
2672 2666
2672 2307
2673 2663
2673 2690
2673 2665
2674 2676
2674 2679
2675 2448
2675 2682
2675 2437
2675 2688
2675 2453
2676 2674
2676 2687
2676 2670
2676 2667
2676 2664
2677 2689
2677 2670
2677 2683
2678 2691
2679 2684
2679 2691
2679 2674
2680 2686
2680 2455
2680 2445
2681 2685
2681 2450
2681 2671
2682 2668
2682 2671
2682 2675
2683 2672
2683 2677
2684 2679
2684 2669
2685 2681
2685 2693
2686 2688
2686 2680
2686 2669
2687 2676
2687 2692
2688 2686
2688 2692
2688 2675
2689 2677
2689 2309
2690 2673
2690 2309
2690 3282
2691 2678
2691 2679
2691 2700
2692 2694
2692 2687
2692 2688
2693 2696
2693 2685
2694 2697
2694 2699
2694 2692
2695 2697
2695 3284
2696 2693
2696 2698
2696 2703
2696 2322
2697 2694
2697 2695
2697 3286
2698 2702
2698 2696
2698 3289
2699 2694
2699 3282
2700 2701
2700 2691
2701 2700
2701 3281
2702 2698
2702 3406
2702 2461
2703 2696
2703 3282
2704 2706
2704 2442
2705 2440
2705 2033
2706 2707
2706 2704
2706 2437
2707 2439
2707 2706
2707 2441
2708 3144
2708 3154
2709 2716
2709 3270
2710 2714
2710 3154
2711 2717
2711 2714
2711 3399
2712 2718
2712 3377
2713 2718
2713 3199
2714 2710
2714 2711
2715 3384
2715 3385
2716 2709
2716 2717
2716 3279
2717 2711
2717 2716
2718 2712
2718 3384
2718 2713
2719 2314
2719 2727
2720 2723
2720 2313
2721 2312
2721 2313
2721 3285
2721 2730
2722 3407
2722 2943
2722 2931
2722 3293
2723 2724
2723 3282
2723 2720
2724 2723
2724 2725
2724 3293
2725 2724
2725 2726
2726 2731
2726 2725
2727 2719
2727 2923
2728 2731
2728 3295
2728 2920
2729 2918
2729 2942
2730 3297
2730 2721
2731 2728
2731 2726
2731 3298
2732 2919
2732 2922
2732 2927
2733 1086
2733 1724
2733 1109
2733 1713
2734 2738
2734 499
2734 1720
2734 2749
2735 1106
2735 1092
2735 2737
2736 1367
2736 2742
2736 2739
2737 1095
2737 1099
2737 2735
2738 2745
2738 2734
2739 2740
2739 2736
2739 1105
2740 500
2740 2739
2740 505
2741 2743
2741 1095
2741 1109
2742 1279
2742 2736
2743 2744
2743 2745
2743 2741
2743 312
2744 2743
2744 1283
2745 2743
2745 1282
2745 2738
2745 1281
2746 2747
2746 943
2747 2746
2747 489
2748 2750
2748 942
2748 236
2749 2752
2749 490
2749 325
2749 2734
2750 2748
2750 492
2750 490
2751 2752
2751 492
2751 495
2752 2751
2752 2749
2752 1105
2753 2780
2753 2182
2753 2777
2754 2182
2754 2184
2754 2760
2755 2756
2755 2761
2755 2184
2756 2758
2756 2755
2757 2780
2757 2765
2757 2776
2758 2762
2758 2756
2759 2761
2759 2763
2760 2768
2760 2766
2760 2754
2761 2759
2761 2755
2762 2758
2762 2959
2763 2768
2763 2759
2763 2765
2764 2767
2764 2780
2764 2979
2765 2757
2765 2789
2765 2763
2766 2770
2766 2760
2766 1761
2767 2764
2767 2770
2768 2763
2768 2760
2768 2958
2768 2769
2769 1760
2769 2871
2769 2768
2770 2767
2770 1769
2770 2766
2771 1497
2771 1496
2772 1498
2772 2184
2773 1497
2774 1498
2774 2776
2774 1492
2775 919
2775 1778
2775 1494
2775 2782
2776 2774
2776 2757
2776 2779
2777 1776
2777 2753
2778 2779
2778 2781
2779 2778
2779 2782
2779 2776
2780 2753
2780 2757
2780 2764
2781 2783
2781 2778
2781 2795
2781 1496
2782 2779
2782 2784
2782 1784
2782 2775
2783 2781
2783 2811
2784 2785
2784 1790
2784 2782
2785 2786
2785 2784
2786 2785
2786 2981
2786 2788
2787 2788
2787 2811
2788 2787
2788 2980
2788 2789
2788 2786
2789 2765
2789 2979
2789 2788
2790 2792
2790 1540
2790 1543
2790 2794
2791 2797
2791 2795
2791 1517
2792 2798
2792 2790
2793 2794
2793 2824
2794 2800
2794 2799
2794 2793
2794 2798
2794 2790
2795 2791
2795 2801
2795 2781
2796 2797
2796 2799
2796 1807
2797 2791
2797 2796
2798 2802
2798 2792
2798 2794
2799 2805
2799 2794
2799 2796
2799 2808
2800 2803
2800 2794
2801 2806
2801 2795
2801 1784
2802 2798
2802 2807
2802 2822
2802 2813
2803 2800
2803 2807
2803 2805
2804 2806
2804 2809
2804 1809
2805 2803
2805 2799
2806 2804
2806 2801
2807 2810
2807 2803
2807 2802
2808 2809
2808 2814
2808 2799
2809 2804
2809 2808
2809 2812
2810 2807
2810 2826
2810 2827
2811 2783
2811 2787
2811 2816
2812 2809
2812 1834
2812 1825
2813 2816
2813 2802
2814 2808
2814 1822
2815 2833
2815 1828
2815 2824
2816 2813
2816 2818
2816 2811
2817 1828
2817 3011
2818 2816
2818 3008
2819 1546
2819 1544
2820 1845
2820 1542
2820 1539
2820 2821
2820 2825
2821 2845
2821 2838
2821 2820
2822 2802
2823 2845
2823 2854
2824 1822
2824 2793
2824 2815
2825 2826
2825 2820
2826 2810
2826 2830
2826 2825
2827 2830
2827 2810
2827 2831
2828 2831
2828 2829
2829 3032
2829 1736
2829 2828
2830 2826
2830 2832
2830 2827
2830 2835
2831 2834
2831 2828
2831 2827
2832 2830
2832 2833
2833 2815
2833 2832
2833 3034
2834 2831
2834 2835
2835 2834
2835 2830
2835 3040
2836 2837
2836 2839
2836 1253
2837 2836
2837 876
2838 1545
2838 2821
2838 2843
2838 875
2838 872
2839 2836
2840 1565
2840 2842
2840 877
2841 874
2841 2853
2842 2840
2842 1574
2842 1557
2843 2847
2843 2838
2843 874
2844 2845
2844 1734
2845 2844
2845 2821
2845 2823
2845 2852
2846 2851
2846 2849
2846 1739
2846 2848
2847 2852
2847 2843
2848 2853
2848 2846
2848 1735
2849 2846
2849 1734
2849 2850
2849 1574
2850 2854
2850 1584
2850 2849
2851 2855
2851 2846
2852 2847
2852 1732
2852 2845
2853 2848
2853 1737
2853 2841
2854 2850
2854 2823
2854 1845
2855 1733
2855 2851
2856 3052
2856 2860
2857 3057
2857 2858
2858 2857
2858 2862
2859 2865
2859 3039
2859 2860
2860 2856
2860 2870
2860 2859
2860 3051
2861 3054
2861 2862
2861 2869
2862 2864
2862 2858
2862 2866
2862 2861
2863 2865
2863 3045
2864 2862
2864 3157
2865 2863
2865 2868
2865 2859
2866 2862
2867 3045
2867 2869
2867 3117
2868 2865
2868 2870
2869 2867
2869 2861
2870 2868
2870 2860
2871 1771
2871 2879
2871 2769
2872 1767
2873 1768
2873 2878
2874 1769
2874 2878
2874 2986
2875 2879
2875 2889
2875 2888
2876 2879
2876 1771
2876 2882
2877 2883
2877 2879
2878 2881
2878 2873
2878 2874
2879 2877
2879 2875
2879 2876
2879 2871
2880 2885
2880 2881
2880 2886
2881 2878
2881 2880
2881 2890
2882 2892
2882 2876
2883 2877
2884 2886
2884 3174
2885 2891
2885 2880
2885 2889
2886 2884
2886 2887
2886 2880
2887 2886
2887 2896
2887 3172
2888 2894
2888 2893
2888 2875
2889 2892
2889 2901
2889 2885
2889 2875
2890 2897
2890 2881
2890 2894
2891 2885
2891 2894
2892 2889
2892 2899
2892 2882
2893 2888
2893 2968
2894 2888
2894 2890
2894 2891
2894 2904
2895 2188
2895 2905
2895 2897
2896 2903
2896 2900
2896 2887
2897 2191
2897 2898
2897 2890
2897 2895
2898 2897
2898 2990
2899 2901
2899 2892
2899 2900
2899 2907
2899 2342
2900 2896
2900 3163
2900 2899
2901 2899
2901 2889
2901 2906
2902 2903
2902 2905
2903 2896
2903 2902
2903 2341
2904 2906
2904 2894
2905 2902
2905 2906
2905 2895
2906 2904
2906 2905
2906 2901
2907 2899
2908 2197
2908 3002
2909 1840
2909 1796
2909 2912
2909 2359
2910 1770
2910 1795
2910 2911
2911 2912
2911 2910
2911 2360
2912 2913
2912 2911
2912 2909
2913 2912
2913 2914
2913 1796
2914 2913
2914 2187
2914 2984
2915 3446
2915 2521
2916 3446
2916 3425
2917 3063
2917 3064
2917 3442
2917 3077
2918 2340
2918 2729
2918 2921
2919 2732
2919 2923
2920 3179
2920 2943
2920 2728
2920 2922
2921 2922
2921 2918
2922 2926
2922 2921
2922 2732
2922 2920
2923 2919
2923 2345
2923 2336
2923 2727
2924 2927
2924 2925
2924 2928
2925 2924
2925 3297
2925 3314
2926 2922
2927 2924
2927 2732
2928 2924
2929 2326
2929 2933
2929 2938
2929 1663
2930 2931
2930 2935
2931 2327
2931 2930
2931 2722
2932 2936
2932 2327
2932 2310
2933 2935
2933 2929
2934 2328
2935 2933
2935 2939
2935 2930
2935 2936
2936 2943
2936 2932
2936 2942
2936 2935
2937 2946
2937 2329
2937 2940
2938 2949
2938 2953
2938 2929
2938 2351
2939 2935
2939 2950
2939 3408
2940 2941
2940 2937
2940 2951
2941 2940
2941 3408
2941 3415
2942 2936
2942 2729
2943 2936
2943 2945
2943 2722
2943 2920
2944 2948
2944 2950
2945 2950
2945 2943
2945 2954
2946 2949
2946 2937
2947 2948
2947 2949
2947 3180
2948 2944
2948 2947
2949 2946
2949 2947
2949 2938
2950 2945
2950 2939
2950 2944
2951 2952
2951 2940
2952 2951
2952 3196
2952 3181
2953 2362
2953 2938
2954 3416
2954 3414
2954 3179
2954 2945
2954 3417
2955 690
2955 2075
2955 691
2956 692
2957 2071
2957 687
2957 2073
2957 689
2957 2020
2958 2960
2958 2547
2958 2768
2959 2547
2959 2762
2959 2965
2960 2958
2960 2963
2960 2961
2961 2960
2961 2964
2961 2969
2962 2547
2963 2960
2963 2970
2963 2979
2964 2965
2964 2961
2965 2966
2965 2959
2965 2964
2966 2965
2966 2972
2967 2986
2967 2990
2967 2991
2968 2969
2968 2893
2969 2968
2969 2973
2969 2975
2969 2961
2970 2971
2970 2975
2970 2963
2971 2970
2971 2978
2971 2985
2972 2976
2972 2966
2973 2969
2973 2974
2974 2976
2974 2973
2975 2970
2975 2969
2976 2974
2976 2972
2977 2978
2977 3001
2978 2977
2978 2971
2979 2789
2979 2986
2979 2985
2979 2764
2979 2963
2980 2982
2980 2788
2981 2984
2981 2987
2981 2786
2982 2985
2982 2980
2982 2983
2983 2987
2983 2982
2984 2981
2984 3009
2984 2914
2984 2998
2985 2982
2985 2991
2985 2979
2985 2971
2986 2967
2986 2979
2986 2874
2987 2983
2987 3004
2987 2981
2988 2989
2988 3025
2989 2992
2989 2988
2990 3000
2990 2898
2990 2967
2991 3001
2991 2994
2991 2967
2991 2985
2992 2989
2992 2997
2992 2999
2992 3004
2993 2995
2993 2998
2993 2192
2994 3000
2994 3003
2994 3002
2994 2991
2995 2993
2995 2996
2996 3004
2996 2995
2997 3005
2997 2992
2997 3025
2998 2993
2998 3028
2998 2984
2999 2992
3000 2994
3000 2990
3001 2977
3001 2991
3002 2994
3002 2199
3002 2908
3003 2994
3003 3004
3004 2996
3004 3003
3004 2992
3004 2987
3005 2997
3005 3028
3006 3009
3006 3008
3006 1833
3007 3012
3008 3010
3008 3006
3008 2818
3009 2984
3009 3006
3009 3014
3010 3008
3010 3016
3011 3013
3011 3023
3011 2817
3012 3007
3012 3016
3012 3018
3013 3015
3013 3011
3014 3024
3014 3021
3014 3009
3015 3013
3015 3040
3016 3012
3016 3010
3016 3020
3017 3022
3017 3019
3018 3025
3018 3012
3019 3017
3019 3020
3020 3019
3020 3016
3021 3022
3021 3014
3021 2214
3022 3017
3022 3021
3022 3026
3022 3027
3023 3026
3023 3011
3023 2214
3024 3014
3024 3028
3025 3018
3025 2997
3025 2988
3026 3023
3026 3029
3026 3022
3027 3031
3027 3028
3027 3022
3028 3027
3028 3024
3028 2998
3028 3005
3029 3026
3029 3047
3030 3031
3031 3027
3031 3030
3032 2829
3032 3035
3032 3037
3033 3036
3033 3056
3034 3237
3034 3036
3034 2833
3035 3036
3035 3032
3036 3033
3036 3035
3036 3034
3037 3039
3037 3038
3037 3032
3037 3049
3038 3037
3039 3037
3039 2859
3039 3055
3040 3015
3040 3044
3040 2835
3041 3042
3041 3246
3042 3041
3042 3043
3042 3115
3042 3124
3043 3046
3043 3044
3043 3042
3044 3043
3044 3040
3045 2867
3045 2863
3045 3056
3046 3047
3046 3043
3047 3046
3047 3029
3048 3049
3048 1738
3049 3048
3049 3037
3050 3053
3050 3243
3050 3131
3051 1737
3051 2860
3052 3054
3052 2856
3052 3057
3052 1741
3053 3056
3053 3050
3053 3054
3054 3052
3054 3132
3054 2861
3054 3053
3055 3056
3055 3039
3056 3055
3056 3053
3056 3033
3056 3045
3057 2857
3057 3052
3058 3060
3058 3059
3059 3061
3059 3058
3059 3066
3060 3062
3060 3058
3060 3447
3061 3059
3061 3068
3062 3060
3063 3066
3063 2917
3063 3070
3064 2917
3064 3070
3064 3092
3065 3067
3065 3448
3066 3063
3066 3059
3067 3065
3067 3069
3067 3070
3068 3061
3068 3082
3068 3095
3069 3067
3069 3072
3070 3063
3070 3064
3070 3067
3071 3092
3071 3221
3072 3220
3072 3069
3072 3439
3073 3096
3074 3079
3074 3076
3074 2540
3074 2544
3075 3078
3075 2520
3076 3083
3076 3074
3077 2546
3077 2917
3078 3082
3078 3075
3078 3085
3079 3080
3079 3074
3079 3081
3080 3079
3080 3087
3080 3086
3081 3085
3081 3079
3081 3086
3082 3078
3082 3068
3083 3076
3083 3086
3084 3087
3084 3259
3085 3081
3085 3078
3085 3089
3086 3081
3086 3080
3086 3093
3086 3083
3086 3091
3087 3084
3087 3093
3087 3080
3087 3090
3088 3090
3088 3098
3088 3274
3089 3091
3089 3101
3089 3085
3090 3088
3090 3097
3090 3087
3091 3089
3091 3086
3092 3094
3092 3071
3092 3064
3093 3096
3093 3087
3093 3086
3093 3098
3094 3092
3094 3274
3094 3102
3095 3101
3095 3068
3096 3093
3096 3073
3097 3099
3097 3090
3098 3102
3098 3093
3098 3088
3099 3097
3099 3100
3100 3099
3100 3278
3101 3095
3101 3089
3101 3102
3102 3098
3102 3101
3102 3094
3103 3104
3103 3105
3103 1848
3103 1581
3104 1568
3104 2262
3104 1582
3104 3103
3105 3107
3105 1849
3105 3103
3106 3108
3106 1844
3107 3109
3107 3105
3107 3108
3108 3106
3108 3112
3108 3107
3109 3107
3109 3113
3109 3114
3110 3111
3110 1581
3110 1592
3111 3113
3111 3110
3112 1548
3112 3108
3112 1550
3113 3111
3113 1550
3113 3109
3114 1829
3114 1554
3114 3109
3115 3244
3115 3042
3115 3118
3115 3122
3116 3119
3116 3371
3116 3141
3117 3243
3117 3122
3117 3152
3117 2867
3118 3121
3118 3124
3118 3115
3119 3116
3119 3159
3119 3248
3119 3122
3119 3155
3120 3121
3120 3123
3120 3242
3120 3122
3121 3125
3121 3118
3121 3120
3122 3247
3122 3119
3122 3117
3122 3115
3122 3120
3123 3379
3123 3369
3123 3371
3123 3120
3124 3118
3124 3042
3125 3121
3125 3236
3125 2218
3126 1597
3126 3137
3126 3391
3127 3135
3127 1599
3127 3141
3128 3132
3128 3133
3128 1596
3128 1594
3129 3135
3129 1600
3130 3239
3130 1595
3130 3142
3131 3139
3131 3050
3131 1600
3131 1592
3131 3132
3132 3128
3132 3054
3132 3131
3133 1601
3133 3138
3133 3128
3134 3138
3134 1593
3134 3136
3135 3127
3135 3129
3135 3136
3136 3142
3136 3135
3136 3134
3137 3144
3137 3126
3138 3140
3138 3134
3138 3133
3139 3131
3139 3152
3140 3143
3140 3138
3141 3127
3141 3391
3141 3389
3141 3116
3142 3145
3142 3136
3142 3130
3143 3148
3143 3147
3143 3140
3144 3137
3144 3148
3144 3396
3144 2708
3145 3142
3145 3149
3146 3147
3146 3149
3147 3143
3147 3146
3147 3151
3148 3143
3148 3144
3149 3150
3149 3146
3149 3145
3150 3149
3150 3153
3150 3155
3151 3147
3151 3158
3151 3160
3152 3155
3152 3117
3152 3139
3153 3160
3153 3150
3153 3161
3154 3158
3154 2710
3154 3401
3154 2708
3155 3152
3155 3150
3155 3119
3156 3158
3156 3161
3157 3162
3157 3160
3157 2864
3158 3156
3158 3154
3158 3151
3159 3119
3159 3161
3160 3151
3160 3153
3160 3157
3161 3156
3161 3159
3161 3153
3162 3157
3163 2900
3163 2343
3164 2314
3164 3167
3164 1627
3165 3166
3165 2352
3166 1638
3166 3165
3166 3171
3167 3169
3167 3164
3167 1636
3168 3176
3168 3172
3169 3167
3169 2336
3170 3173
3170 3172
3170 3174
3171 3173
3171 3166
3171 2335
3172 3170
3172 2334
3172 2887
3172 3168
3173 3171
3173 3175
3173 3170
3174 2335
3174 2884
3174 3170
3175 3173
3175 3178
3176 3168
3176 2338
3177 2339
3177 3178
3177 2355
3178 3175
3178 2334
3178 2336
3178 3177
3179 2954
3179 2920
3180 2947
3181 3420
3181 3182
3181 2952
3182 3181
3182 3197
3183 2382
3184 3186
3184 2590
3185 2587
3185 3190
3186 3427
3186 3184
3186 3426
3186 3190
3187 3189
3188 3426
3188 3195
3188 3207
3189 3187
3189 3192
3189 3190
3189 3193
3190 3189
3190 3185
3190 3186
3191 3194
3191 2387
3192 3194
3192 3189
3192 3222
3193 3195
3193 3189
3194 3192
3194 3191
3194 3197
3195 3193
3195 3216
3195 3188
3196 3436
3196 2952
3197 3194
3197 3182
3198 3222
3199 2713
3199 3375
3200 3201
3200 3258
3201 3355
3201 3200
3201 3202
3202 3209
3202 3203
3202 2619
3202 3201
3202 2283
3203 3202
3203 3210
3203 2623
3204 3208
3204 2624
3204 3206
3204 2545
3205 3207
3205 2627
3206 3204
3206 2622
3207 3205
3207 3188
3208 3204
3208 3214
3209 3211
3209 3202
3210 3214
3210 3215
3210 3217
3210 3203
3211 3215
3211 3209
3211 3213
3211 3364
3212 3213
3212 3263
3213 3212
3213 3211
3214 3210
3214 3218
3214 3208
3214 3221
3215 3211
3215 3210
3216 3222
3216 3195
3216 3220
3217 3218
3217 3210
3217 3219
3218 3217
3218 3214
3219 3223
3219 3217
3220 3216
3220 3072
3221 3071
3221 3214
3222 3198
3222 3224
3222 3216
3222 3192
3223 3219
3223 3224
3223 3225
3223 3375
3224 3222
3224 3223
3225 3223
3225 3376
3225 3342
3226 3232
3226 2218
3226 2208
3226 3231
3227 2212
3227 2218
3228 2219
3228 3234
3228 2216
3229 2215
3229 2214
3230 3231
3230 3234
3230 3235
3231 3230
3231 2210
3231 3226
3232 3226
3232 2217
3232 3346
3233 3235
3233 2195
3234 3228
3234 3230
3235 3233
3235 3341
3235 3230
3236 3382
3236 3380
3236 3125
3237 3034
3237 3244
3237 1549
3238 3241
3238 3239
3238 1550
3239 3130
3239 3245
3239 3238
3240 3246
3240 1554
3240 2211
3241 3238
3241 3242
3242 3245
3242 3241
3242 3120
3242 3244
3243 3050
3243 3117
3244 3115
3244 3246
3244 3242
3244 3237
3245 3248
3245 3242
3245 3239
3246 3041
3246 3244
3246 3240
3246 2213
3247 3248
3247 3122
3248 3247
3248 3245
3248 3119
3249 2647
3249 3261
3249 3386
3249 2651
3250 3251
3250 3263
3250 2648
3251 3250
3251 2624
3252 3253
3252 3254
3253 3252
3253 3257
3254 3252
3254 2650
3255 3259
3255 3257
3256 3260
3256 3259
3256 3262
3257 3253
3257 3266
3257 3255
3258 3264
3258 2646
3258 3200
3258 3393
3259 3256
3259 3255
3259 3084
3260 3256
3260 2544
3260 2649
3261 3249
3261 3270
3262 3268
3262 3256
3262 3274
3263 3212
3263 3264
3263 3250
3264 3263
3264 3271
3264 3267
3264 3258
3265 3267
3265 3269
3265 3273
3266 3257
3266 3268
3266 3270
3266 3278
3267 3265
3267 3264
3268 3262
3268 3266
3268 3275
3269 3265
3269 3270
3269 3390
3270 3269
3270 3261
3270 3266
3270 2709
3271 3272
3271 3264
3271 3276
3271 3397
3272 3271
3272 3364
3273 3275
3273 3279
3273 3265
3274 3094
3274 3088
3274 3262
3275 3273
3275 3268
3276 3385
3276 3277
3276 3271
3277 3279
3277 3276
3278 3280
3278 3100
3278 3266
3279 3277
3279 3273
3279 3280
3279 2716
3280 3278
3280 3279
3281 3284
3281 2701
3282 2723
3282 2703
3282 2699
3282 2690
3282 3283
3283 3288
3283 3285
3283 3282
3284 3281
3284 3286
3284 2695
3284 3294
3285 3283
3285 2721
3286 3284
3286 2697
3286 3291
3286 3289
3287 3291
3287 2466
3288 3290
3288 3283
3289 3292
3289 2698
3289 3286
3289 3296
3290 3288
3290 3294
3290 3303
3291 3287
3291 3300
3291 3286
3292 3406
3292 3289
3293 2724
3293 2722
3294 3290
3294 3302
3294 3284
3295 2728
3295 3312
3295 3296
3296 3307
3296 3305
3296 3295
3296 3289
3297 3301
3297 3303
3297 2730
3297 2925
3298 2731
3298 3301
3299 3302
3299 3304
3300 3308
3300 3291
3300 3310
3301 3297
3301 3298
3302 3311
3302 3299
3302 3294
3302 3303
3303 3297
3303 3302
3303 3290
3304 3310
3304 3311
3304 3299
3305 3296
3305 3318
3306 3307
3306 3309
3307 3306
3307 3296
3307 3417
3307 3312
3308 3313
3308 3300
3309 3313
3309 3306
3309 3421
3310 3304
3310 3315
3310 3300
3311 3316
3311 3315
3311 3302
3311 3304
3312 3317
3312 3295
3312 3307
3313 3309
3313 3308
3313 3419
3314 3403
3314 3318
3314 2925
3315 3310
3315 3311
3315 3318
3316 3311
3317 3403
3317 3312
3318 3315
3318 3305
3318 3314
3319 1422
3319 3325
3319 1804
3320 3323
3320 1425
3320 2331
3321 1641
3321 3322
3321 1421
3322 3321
3322 1420
3323 3320
3323 2254
3323 3329
3323 2599
3324 1425
3324 3327
3324 1954
3325 3332
3325 3319
3325 3330
3325 1811
3326 3328
3326 2254
3326 3333
3327 3324
3327 3334
3327 3329
3327 2588
3328 3329
3328 3326
3329 3328
3329 2271
3329 3327
3329 3323
3330 3335
3330 3325
3330 2378
3330 1819
3331 3333
3331 3332
3331 1824
3332 3331
3332 1836
3332 3325
3333 3331
3333 1837
3333 3326
3334 2248
3334 2375
3334 3327
3335 2349
3335 3330
3335 2380
3335 2377
3336 3337
3336 3348
3336 2396
3336 2395
3337 3336
3337 3340
3337 2361
3338 2397
3338 2394
3338 3346
3339 3344
3339 2193
3340 3341
3340 3344
3340 3337
3341 3340
3341 3235
3342 3347
3342 2393
3342 3225
3343 3347
3343 2393
3343 2394
3343 3348
3344 3339
3344 3340
3344 2373
3345 3372
3345 3347
3345 3346
3346 3345
3346 3232
3346 3338
3347 3342
3347 3343
3347 3345
3348 3336
3348 3343
3349 2625
3349 2279
3349 2626
3349 2383
3350 3353
3350 2280
3350 3358
3351 3355
3351 2277
3352 3353
3352 3360
3353 3352
3353 2284
3353 3350
3354 3361
3354 2278
3354 3357
3354 3356
3355 3351
3355 3201
3355 3364
3356 2281
3356 3360
3356 3354
3357 2282
3357 3389
3357 3354
3358 3362
3358 3350
3358 3365
3358 3359
3359 3363
3359 3358
3359 1551
3360 3352
3360 3356
3360 3366
3361 3354
3361 3394
3362 3358
3363 3359
3363 3367
3364 3355
3364 3211
3364 3272
3364 3397
3364 3370
3365 3358
3365 3372
3366 3368
3366 3360
3366 3370
3366 3374
3367 3369
3367 3363
3368 3366
3368 3377
3368 3397
3368 3371
3369 3367
3369 3123
3370 3375
3370 3366
3370 3364
3371 3116
3371 3123
3371 3368
3371 3402
3372 3373
3372 3345
3372 2393
3372 3365
3373 3380
3373 3372
3373 3374
3373 3376
3374 3378
3374 3366
3374 3373
3375 3370
3375 3376
3375 3223
3375 3199
3376 3375
3376 3225
3376 3373
3377 3381
3377 3368
3377 2712
3378 3381
3378 3374
3379 3383
3379 3123
3379 3381
3380 3373
3380 3236
3381 3378
3381 3377
3381 3379
3382 3383
3382 3236
3383 3379
3383 3382
3384 2718
3384 2715
3385 3276
3385 2715
3386 3249
3386 3387
3387 3386
3387 2297
3387 3395
3387 3390
3388 3392
3388 3393
3388 3394
3389 3357
3389 3398
3389 3141
3389 2299
3390 3393
3390 3269
3390 3387
3391 3396
3391 3126
3391 3141
3392 3388
3392 3398
3393 3388
3393 3390
3393 3258
3394 3388
3394 3397
3394 3361
3395 3399
3395 3387
3395 3400
3396 3401
3396 3391
3396 3144
3397 3394
3397 3398
3397 3368
3397 3364
3397 3271
3398 3397
3398 3392
3398 3389
3398 3400
3399 3395
3399 2711
3400 3402
3400 3401
3400 3398
3400 3395
3401 3396
3401 3400
3401 3154
3402 3400
3402 3371
3403 3317
3403 3314
3404 3422
3404 3417
3405 3409
3405 2467
3405 2469
3406 3407
3406 3292
3406 2702
3406 3412
3407 3410
3407 3406
3407 2722
3408 2465
3408 2941
3408 2939
3408 3410
3409 3405
3409 3412
3409 3413
3410 3407
3410 3414
3410 3408
3411 3429
3411 3432
3412 3409
3412 3406
3413 3409
3413 2468
3413 3432
3414 2954
3414 3410
3415 3416
3415 2941
3415 3418
3416 2954
3416 3415
3417 3404
3417 2954
3417 3307
3418 3420
3418 3415
3418 3438
3419 3313
3420 3418
3420 3181
3420 3440
3421 3309
3421 3422
3422 3404
3422 3421
3423 3425
3423 2488
3423 3447
3424 2492
3424 3427
3424 2493
3425 3423
3425 2916
3425 3430
3426 3188
3426 3186
3426 2496
3427 3429
3427 3424
3427 3186
3428 3430
3429 3427
3429 3411
3429 3436
3430 3428
3430 3431
3430 3425
3431 3430
3431 3435
3431 3433
3432 3433
3432 3438
3432 3413
3432 3411
3433 3432
3433 3431
3434 3435
3435 3434
3435 3431
3435 3439
3435 3438
3436 3437
3436 3196
3436 3429
3437 3436
3437 3440
3438 3432
3438 3418
3438 3435
3439 3435
3439 3072
3440 3420
3440 3441
3440 3437
3441 3440
3442 3443
3442 2917
3442 3448
3443 3442
3444 3446
3444 3447
3445 2546
3445 2545
3445 2518
3446 2916
3446 2915
3446 3448
3446 3444
3447 3444
3447 3060
3447 3423
3447 2515
3448 3446
3448 3065
3448 3442
