27.0791	194.5524	17.7199
155.8934	93.7344	22.7418
90.0652	53.1835	34.9824
19.5389	117.7745	48.7943
25.6214	121.5818	44.4593
108.747	0.8166	49.7333
88.085	38.8584	47.7973
136.7024	165.5838	76.7614
143.753	168.8497	78.1313
146.4624	176.3713	81.8317
137.4552	38.6405	97.2752
123.4436	79.2554	91.2925
0.4557	155.4977	101.1022
41.6236	95.7874	109.9855
83.0461	94.6067	114.9131
77.7966	89.4788	109.3581
34.264	0.2357	115.421
76.2346	102.9028	136.2641
187.843	172.739	163.5016
140.733	30.2113	165.6489
55.7918	140.2185	159.5744
121.9848	175.868	167.8674
16.0944	137.1032	161.6139
195.428	167.4178	167.4371
178.7341	181.8425	172.0871
35.9479	125.1478	163.9331
178.4125	181.3811	172.1533
57.1838	143.4915	165.1038
66.1117	81.0203	180.8753
68.1738	79.5464	183.5326
147.5464	120.9009	199.1736
117.8907	45.3089	8.2886
42.3074	147.5937	6.1366
322.4315	161.1782	11.3205
336.0152	78.0421	3.4009
284.1944	170.7334	8.8357
220.3943	172.8418	19.5358
229.0	141.8836	13.5085
237.6092	142.186	11.0967
386.5072	63.6515	22.6849
241.3217	66.5094	38.0044
234.1328	176.3087	28.7896
399.9143	164.0611	51.4041
203.6045	37.7698	52.8924
317.7964	112.1782	55.1313
206.0255	128.4101	63.3204
231.2172	67.7448	64.4214
387.7184	174.6977	63.1914
249.1173	45.5682	79.9434
368.4375	69.2147	69.8426
382.0888	184.2847	67.1295
393.0637	166.6212	61.5175
206.3506	148.8616	65.0624
232.026	144.687	76.045
267.4732	45.2531	96.3731
279.2777	146.916	109.818
254.0013	37.1549	106.1916
218.612	57.3891	107.9442
399.1012	94.6675	120.1868
214.1918	86.221	135.0359
297.4467	52.3162	130.4567
285.9659	196.8236	145.8869
261.2458	26.7639	147.5829
240.7816	70.8176	143.4238
272.9937	14.1609	171.8621
301.2714	169.8735	182.2705
341.7413	79.6307	194.0535
219.346	187.6811	182.7229
218.9143	53.8994	4.0882
486.5133	7.1849	7.1372
451.1663	63.0498	13.1837
545.1319	69.5979	3.6615
530.3749	178.9665	11.2049
409.2511	168.4832	16.2227
408.817	168.1374	16.0261
578.8766	174.1938	20.0696
451.5401	66.9021	28.1076
517.9801	26.2844	30.5735
483.6941	45.3969	35.8828
459.9037	191.1304	28.836
474.5564	67.198	42.4275
489.248	23.0644	41.6895
474.1627	76.7298	46.5737
487.2414	24.6812	53.8468
494.1747	102.7111	66.9666
540.4557	54.581	74.1063
426.3364	109.343	73.0811
544.1404	16.2365	78.6263
432.071	80.0432	69.9733
535.1609	156.6883	83.7623
436.6546	116.3411	82.9106
520.2564	150.0171	87.4607
494.8813	98.819	86.1968
404.8335	112.0211	99.701
400.0153	114.5567	102.5879
582.2133	143.6354	114.9074
543.5818	46.8624	123.6939
499.4811	47.6941	125.6579
406.2011	43.1865	123.0539
424.837	16.1168	121.1783
550.9792	174.3163	120.6713
507.5278	45.0336	138.2067
407.975	60.3378	125.5751
430.7312	61.3754	143.226
495.9234	30.1798	143.8616
491.5583	151.8552	140.7356
550.7502	53.6045	150.9789
539.6353	129.4031	160.8664
521.0496	192.4953	185.5367
588.7641	116.9805	180.2676
420.5019	93.7447	188.1881
553.3527	176.8505	183.022
497.3143	186.5243	196.188
417.6075	126.9003	6.6779
412.6566	143.5075	9.929
657.4999	123.4138	29.5603
658.1851	30.652	38.773
644.8821	13.5229	49.0763
736.2744	123.3154	65.1463
694.3633	99.619	75.7966
612.8789	182.44	85.2235
705.9225	20.6875	88.7781
703.1027	52.3022	91.0467
698.1274	52.9326	89.264
736.2186	47.1407	91.6164
732.6735	46.4059	93.6386
684.4579	105.3102	104.1876
711.3286	52.3525	97.8652
647.2939	78.1312	107.7275
630.8823	83.9581	117.1371
681.7626	92.531	124.5802
712.5596	59.0256	122.3059
708.7598	64.635	123.7775
689.0025	32.309	120.1359
635.4069	184.0697	123.9874
995.699	956.3738	376.9882
985.4847	989.793	380.1414
854.5165	989.994	398.2054
188.8214	142.8115	405.7738
44.1193	112.4538	400.7117
130.5558	87.1255	429.7612
76.2529	61.9877	436.9432
128.9954	163.8243	450.9868
106.4898	24.0904	457.0028
10.6501	145.1726	457.495
83.7048	16.4766	460.9729
131.6485	72.5244	476.3713
48.7481	12.1561	470.8349
137.6906	5.9638	483.0091
141.0832	43.1347	488.6476
4.1304	96.4953	485.1488
122.1907	127.5905	486.8452
120.6966	120.8156	492.7816
135.5159	41.4704	500.5032
137.2024	11.1089	531.0251
77.2921	24.9036	527.338
26.7402	117.1996	553.8026
25.3096	197.2737	552.7126
24.9452	132.9025	568.9255
33.3507	126.7797	571.3336
107.5176	117.3023	592.4233
100.2689	117.7349	595.4467
105.9568	108.5754	598.735
4.3762	144.4318	586.7132
105.7221	120.9614	596.6982
26.1046	154.4701	597.2954
90.83	115.7024	595.517
98.0825	141.2175	598.8578
29.9348	154.4772	598.3983
25.0271	155.4283	597.5754
212.4762	160.2088	401.3168
200.9795	146.1881	415.0448
289.1553	35.0366	451.0265
314.3494	23.4315	451.0173
301.7376	120.3503	441.9319
247.2917	130.6599	456.3781
308.1452	21.6117	461.5713
287.455	21.3032	459.3549
299.6821	166.533	469.9294
322.7491	152.9882	466.3962
315.626	22.1075	463.3111
277.5995	111.5925	472.1258
376.631	85.3692	490.7055
358.6971	111.9183	500.0361
332.7223	197.8909	498.9253
231.2989	616.6362	39.2775
242.5869	635.1066	49.4482
205.0906	687.7699	45.5242
320.2672	791.1246	57.9829
311.0714	774.4308	88.7008
258.8686	797.6293	104.6133
212.2952	711.1691	111.8278
269.9763	716.4692	121.3039
271.3384	613.9363	110.2233
241.6703	798.5951	101.0694
319.5435	762.9292	116.4085
289.5515	613.479	126.113
305.1281	705.3934	131.0946
271.9399	756.1009	122.4061
368.7423	655.8644	128.9148
217.4578	734.1248	130.9067
241.8576	729.8109	137.8055
280.1329	789.4105	145.3615
223.0455	657.0526	147.9297
302.9466	704.0233	141.9313
284.2844	796.5864	151.4693
226.9258	633.6301	173.9269
307.9416	637.6008	160.6579
395.5523	676.9756	161.3753
334.1736	642.2357	155.6693
237.4516	744.3094	190.1946
283.811	628.6741	187.4816
330.7485	754.1038	186.3699
375.2359	667.9968	182.8881
243.0547	631.065	195.2894
237.9713	741.2662	197.5994
335.7052	782.4429	193.8336
523.8658	778.4196	3.6092
493.3455	733.4489	12.1883
420.9892	614.0464	65.4825
461.9839	652.7963	57.7584
594.3491	662.3689	58.1812
591.8089	794.4392	65.7902
470.0859	729.6013	82.7771
563.0566	638.6824	82.0577
545.3814	625.3358	93.3568
558.2029	682.5074	96.698
449.6715	799.9433	117.547
492.3641	705.9339	126.8722
530.5041	763.1174	125.6529
499.9939	687.7745	149.8258
414.9245	724.5284	151.8994
494.9122	738.9759	146.7634
410.4697	650.2927	147.3358
437.0149	615.9017	154.5651
408.8694	723.5367	169.1938
506.3614	681.6784	183.6159
417.2617	793.4479	191.6005
724.7261	728.5477	11.2666
772.2013	728.5334	14.4032
740.069	672.7443	19.3362
747.2384	674.1821	19.641
739.0996	702.0349	20.9621
710.2121	723.9316	25.0925
740.2858	681.0932	25.3345
725.9575	782.1684	36.3185
606.701	766.4147	47.4135
723.8516	677.8926	68.5932
696.159	788.461	77.9358
728.6824	602.087	78.9844
638.1429	767.0638	74.3515
731.6624	720.1168	80.4031
701.3995	792.1754	92.9729
626.1233	719.5085	112.3589
668.6465	797.8409	100.9748
756.616	790.1586	138.708
791.1741	734.826	153.7685
742.9542	619.6109	142.8521
644.5335	760.6395	159.6434
729.2592	635.5029	159.6987
601.9069	711.4714	183.21
623.3431	688.4193	189.973
774.1771	651.1506	192.6273
903.4191	678.3261	0.325
837.3911	700.1213	48.6171
829.2247	798.9921	56.3215
894.3558	745.1416	62.2893
837.9059	695.4468	55.0803
935.2004	762.6498	66.4146
912.1301	755.0146	65.7846
990.9943	679.0191	68.5533
908.5298	760.1131	72.7485
872.8351	698.2058	96.7237
954.4664	776.8954	131.7563
937.3711	746.9307	133.5374
970.2378	625.219	147.7046
925.0645	691.7042	145.961
921.9089	782.6079	149.5467
956.5607	749.611	157.9822
922.5233	613.4213	154.7695
916.5814	799.2355	156.8072
930.1108	697.5377	153.6965
803.8053	710.2529	164.186
997.9012	737.6001	178.8398
943.7051	608.6751	176.6242
977.7006	797.1536	193.5778
23.4523	995.9388	13.2973
177.533	852.2866	12.4658
15.8114	815.1706	23.9916
61.3103	886.4158	5.5557
162.9897	819.6998	15.9364
158.4569	818.3931	18.6586
4.8799	817.2648	36.7615
30.278	947.8331	34.9835
26.6173	806.2957	54.8496
167.1355	810.5946	63.2151
184.0361	994.4914	66.0422
28.169	800.8444	74.0932
132.6117	957.2895	81.3423
74.0834	966.387	82.5887
240.3031	777.6238	317.7276
228.9855	730.0424	324.2417
233.7787	763.2242	322.2782
397.36	704.497	326.9154
205.1797	662.1489	333.7483
388.3438	636.4724	340.4853
318.7724	790.316	326.506
302.0601	642.7776	363.4328
201.8608	684.628	348.3388
305.5047	680.7333	363.9136
213.4073	647.3171	373.6326
227.1377	642.0005	371.0737
227.5787	611.0725	369.6649
219.1228	644.0209	374.3748
230.4863	687.0162	380.0469
207.1667	649.6445	373.7151
311.6748	764.4102	374.9101
213.6456	689.2899	389.8186
221.4535	651.6219	387.2028
233.8069	639.0428	396.2048
352.0328	774.6083	388.8547
329.7634	611.3207	398.5121
411.3484	689.2424	203.2925
512.8943	712.4507	212.8401
415.6092	721.6483	206.6435
417.4799	614.7014	223.0937
449.9871	672.2661	226.6268
595.5035	706.2732	232.2381
415.0995	660.4387	237.8853
519.1335	702.9771	225.7113
455.4681	691.2416	246.3304
455.431	687.5752	248.0713
493.8635	759.5881	243.5395
515.9536	699.6027	259.5896
513.9429	786.8113	284.2228
440.869	679.3026	298.5027
511.9425	786.5697	290.7745
570.1573	619.7133	311.6514
425.5266	724.5817	315.7188
544.3728	798.7455	332.6866
445.4933	737.1406	342.002
517.0215	792.8148	341.1674
435.5361	767.7153	339.61
482.6762	694.6362	351.2252
533.2422	603.6922	339.215
553.5569	645.8121	345.9737
465.6107	798.4567	352.1024
573.0277	735.5674	368.059
500.1334	693.1869	377.1257
581.6655	720.991	399.6567
728.7518	700.2676	202.4191
691.0602	753.6201	206.538
635.5273	644.6577	227.6759
662.1047	708.3385	246.6088
744.5021	643.0688	263.2479
602.2562	715.7321	275.3141
732.9708	635.3432	272.2638
614.8618	712.1879	283.3945
675.7785	725.2281	286.0882
797.9241	617.9224	290.7924
738.7913	790.4485	300.4038
722.9401	766.8787	308.621
754.4468	646.686	315.3672
776.8699	661.6093	308.5529
739.7691	750.7614	319.1175
787.9385	618.975	318.7973
734.1498	756.7958	345.4113
779.2076	697.685	334.0822
766.6899	647.9579	340.7429
646.123	672.9907	357.5349
766.4956	40.1375	144.8246
693.3309	110.8579	148.6699
725.1371	146.2323	149.8178
673.0012	67.7115	149.2897
677.9548	101.975	148.5672
699.3337	153.8249	184.113
652.3867	113.5287	181.6885
886.5345	122.3804	31.6028
920.3084	145.23	34.5422
879.8893	110.4696	33.1435
929.5881	143.2571	38.5429
926.8325	143.832	37.7136
993.0075	100.485	62.3563
944.1658	195.2793	56.648
994.2749	102.3909	62.1068
878.9581	162.7686	64.821
920.4809	124.6066	83.5287
907.5488	144.7376	84.3348
826.6202	131.9799	88.4737
856.2692	146.8562	87.7735
890.1735	142.2102	86.9241
999.1682	152.9718	97.538
975.8999	31.5064	126.6372
979.5098	50.4298	124.238
813.8161	143.0977	140.8584
904.8553	142.0808	159.2407
927.1456	38.8045	160.4071
942.7207	34.7865	166.3887
920.5757	78.7729	183.6139
827.5327	14.3149	183.3948
831.4489	21.221	187.1154
916.7697	122.9966	174.6666
963.3447	10.3222	191.3912
122.2838	285.2359	8.6719
117.5541	218.0069	31.7141
52.1157	271.8093	23.4474
97.1606	224.8644	29.2635
150.7933	208.0416	25.0633
81.3627	300.3469	53.3978
60.2679	306.8067	44.0502
102.5543	366.1047	59.298
35.8126	321.3842	76.9527
68.1362	230.7261	84.4965
71.0643	223.7805	94.1861
154.3593	379.6197	101.1063
92.8244	360.9212	117.7016
188.9473	204.879	142.5687
4.5699	267.6053	144.6974
8.1985	262.8285	144.1069
103.7164	230.2821	140.6528
156.5645	312.8344	152.3251
100.6746	370.2063	138.258
135.5851	286.2474	156.1221
165.3049	381.3517	151.0284
171.6591	385.3166	152.3673
6.0644	399.7731	175.2966
41.6194	239.4287	158.6906
162.9257	256.8499	180.8969
135.4389	287.247	192.3182
178.4845	359.5836	193.1817
39.5591	232.2664	6.2399
395.4901	374.6707	2.8748
394.7234	377.5768	3.5796
254.7821	202.4016	14.5361
388.4333	369.1537	6.1816
228.6828	370.6526	32.2142
376.8517	238.6561	57.5757
380.5792	268.9762	60.7917
346.4118	277.1308	73.9703
350.5247	289.4089	102.8716
279.6174	212.0791	109.0964
261.109	390.2921	121.5837
268.32	211.6081	117.3458
263.9233	391.3583	119.8293
394.2308	310.8748	120.5875
257.8942	217.6946	151.4652
261.8752	384.446	150.392
224.0316	392.5257	161.0865
341.9386	318.0019	170.4117
365.2625	230.8348	169.9597
321.9292	390.1826	182.3026
332.4172	274.839	194.5879
319.6821	320.0912	197.684
393.8988	344.5363	0.2367
418.0166	393.4758	2.8678
427.5705	360.6055	6.8952
489.1478	338.0422	11.2839
527.5272	293.7017	26.8327
401.6459	377.7471	14.5494
594.9491	209.0318	26.5287
532.8275	306.1321	28.8138
450.795	271.7724	43.5257
444.1322	381.6674	30.8168
556.1783	203.284	49.8844
429.035	280.5192	48.533
590.0561	362.302	43.4232
530.1896	392.5779	60.942
497.6314	255.1979	61.197
505.7999	240.5626	63.9362
424.9245	386.9435	56.9562
585.0915	364.0262	68.0542
427.5214	237.3192	76.2865
536.0836	368.7977	73.2639
435.119	215.6388	82.3524
433.0626	231.9549	84.9641
546.5214	292.6256	92.0311
541.0259	220.8189	105.6659
596.4211	381.1312	97.1303
517.7152	385.2006	97.3041
541.9266	282.5543	120.0935
550.1273	304.2614	122.4941
546.0397	271.7829	123.81
435.6349	369.2387	133.2076
543.4622	265.5107	126.0539
515.2656	233.293	136.1562
544.5234	269.3106	124.0572
475.3806	246.9704	143.2001
526.8126	310.6437	154.9516
471.485	269.5381	152.1456
496.0512	474.6779	291.1631
447.0042	586.8981	284.1284
510.2535	482.4974	298.5224
505.9328	564.8037	288.033
488.4865	465.1725	301.1725
515.3741	474.8534	301.8891
488.9862	485.0868	304.2247
541.3553	476.798	324.0531
531.242	598.4038	327.995
518.4985	578.4875	325.9491
405.9308	574.9835	342.5287
411.2088	534.9235	358.8182
407.7705	542.0914	363.7565
487.3218	533.6006	370.3619
480.7656	539.2116	378.8127
432.172	547.5103	397.653
403.9279	508.9067	399.8123
778.2992	569.3563	254.3976
665.4481	533.831	257.1842
784.6013	437.3983	274.9428
788.4759	577.1233	277.7592
735.6356	589.9379	280.139
793.4743	518.6143	311.566
741.6376	514.8602	308.06
696.1318	501.1854	321.3084
742.9301	467.0397	311.5991
700.9797	406.268	326.215
798.3784	509.657	329.1548
714.0001	549.0659	344.3936
708.1484	424.2043	346.3643
705.588	554.1677	345.6598
627.174	499.272	353.4055
615.1888	487.4514	359.8434
745.5696	407.8367	362.7978
644.3874	440.5251	383.6043
626.1053	419.0121	396.3679
738.3388	484.7953	398.835
916.803	435.5766	200.8626
884.0555	550.2344	212.3009
936.976	529.6105	204.1057
966.1731	456.455	210.805
944.1129	471.434	214.588
944.5079	474.3922	219.3488
927.4161	568.8442	236.1737
854.8975	502.5119	238.3816
819.3239	568.2603	244.215
860.1578	535.1382	253.0081
815.456	568.0922	249.9924
856.5714	514.0248	260.6999
899.8242	522.1409	266.1707
882.561	534.5952	276.5959
896.0057	529.4937	276.6281
881.4445	432.5451	296.1959
943.034	430.4577	292.6133
875.1589	412.8968	305.4526
911.1057	519.8957	293.2934
838.4913	542.1723	302.808
992.7607	552.7642	310.8497
909.1031	507.6942	298.0329
806.7925	417.1275	309.6091
860.0302	525.5397	313.7279
859.7198	529.6923	313.1728
812.6488	515.1713	326.1606
985.1132	566.8605	333.5385
995.6525	578.4103	342.4765
818.3292	560.5086	331.7601
182.6945	872.6306	97.4047
20.8307	820.7532	110.2031
21.7746	980.7057	114.8207
120.8985	818.8976	134.8055
67.364	884.1362	135.0272
175.745	900.9035	135.7368
39.2882	922.3441	153.1401
113.3604	832.7964	157.2454
144.4803	896.1321	146.0287
14.7633	957.1869	169.7467
132.6899	873.5544	188.3081
6.8744	956.8232	192.9747
84.8031	843.0377	1.0208
369.0719	869.0725	6.9797
234.7199	890.5848	16.4031
264.0112	836.2637	35.9337
207.0127	870.9548	42.6071
359.8466	848.8856	53.4469
391.7792	812.6312	84.3249
397.8924	817.2427	82.0577
344.6168	852.0106	88.9419
244.6833	801.099	96.6684
336.4387	864.456	97.0295
345.4215	858.1686	93.7366
246.7218	949.2443	120.0498
203.3842	881.426	109.6257
391.5802	826.212	131.8899
271.5583	803.7634	142.9078
245.4142	840.1229	145.3461
283.1481	807.2997	146.6846
352.2939	981.67	140.1841
286.0728	864.4399	152.8263
380.4175	903.5374	162.6189
364.1406	853.061	170.8946
379.6389	985.9128	195.6165
310.6677	804.8342	181.1528
382.8066	856.2568	196.7461
467.8433	985.3859	12.0338
448.7404	993.8491	9.9109
417.0703	819.5111	16.3735
543.9129	906.3834	37.8413
567.1393	833.2134	44.1058
589.0552	800.6902	43.4337
586.757	926.7803	45.1792
536.2397	906.061	47.6556
462.2408	983.8618	43.5312
544.1843	926.4508	56.3954
520.7492	964.8742	63.887
400.6427	910.3644	72.1493
501.6731	933.4491	90.5695
502.4183	930.6473	90.3894
508.9817	991.2552	113.0755
435.4302	984.9758	136.255
589.0975	909.2156	133.1415
542.416	846.6277	150.2497
401.8001	887.4765	170.8653
419.5529	971.0045	159.3081
408.3255	871.4668	180.2062
464.9178	963.2532	5.08
762.8839	906.8359	7.8568
738.4273	899.3295	19.6247
651.3711	994.7319	27.9026
634.1859	936.2488	44.4677
733.5676	915.1216	49.7928
718.0721	935.2296	56.449
616.4297	916.7381	59.941
675.2637	961.4263	60.9286
637.5216	924.2654	59.3991
772.7131	932.2713	64.8864
674.852	957.8577	71.5753
712.9745	952.421	66.4159
785.2191	884.8711	79.2118
638.8291	886.4916	81.382
676.8609	942.5381	82.105
777.3002	969.2667	86.3581
791.3074	939.9784	97.7998
692.6165	988.1046	108.2488
747.892	989.3733	125.8747
766.2827	810.473	131.9865
770.2457	813.0792	131.2425
659.773	807.163	136.4016
699.4592	995.2453	128.1226
715.5455	989.3237	135.2531
741.3752	860.3447	148.2884
766.0367	864.9204	185.7782
737.9377	933.6064	173.6262
674.25	800.8981	191.2318
721.0926	859.0601	188.2446
820.9858	989.8941	8.349
821.7948	949.5552	18.8824
830.0848	941.3217	16.5771
887.9643	985.6301	20.9137
883.3185	860.7231	34.9761
834.3962	930.6666	23.5037
995.0839	811.5397	40.5085
883.7797	907.6458	34.7793
833.7365	869.2228	75.5702
804.0911	872.516	103.4355
801.6837	943.5793	94.8511
808.4474	860.8395	107.8912
828.0195	963.9999	113.3445
965.8299	898.3535	124.8144
854.0438	961.4545	133.5966
863.7037	896.182	134.2823
13.123	860.1348	342.4528
199.39	845.6495	338.2675
189.9659	885.3709	359.4473
196.2157	821.7101	375.4949
190.7823	801.8792	375.1038
147.0696	811.0386	388.5707
59.3337	875.514	385.091
147.6601	810.1707	391.7634
393.4984	983.2968	219.0731
262.8393	930.5827	233.5536
379.653	870.736	232.0255
385.11	977.64	231.585
328.5231	939.1456	248.8398
311.5904	943.2302	246.8101
266.1174	902.49	251.8755
254.4102	826.6154	268.625
340.5966	910.2717	265.5368
280.0392	829.3558	273.9238
377.9413	839.2282	300.3147
330.7156	945.7938	301.6815
200.281	861.3748	317.3994
287.9921	806.9304	310.0533
392.0233	872.3667	313.0532
339.7505	957.907	313.3356
202.1282	807.221	319.0491
282.7682	932.8297	324.5265
354.0422	958.6379	326.3961
257.5183	850.5991	325.8094
235.9186	903.565	353.8718
355.833	958.9649	351.1421
257.5486	821.0828	362.6644
363.5897	981.5858	371.7302
252.6534	998.9905	385.5419
391.6777	975.9896	394.1617
431.6717	968.9701	207.2324
471.226	867.1689	230.1371
466.0872	856.0869	235.3982
557.761	862.3372	252.1591
543.4843	884.7449	252.1727
549.7689	858.861	271.7228
426.698	865.4299	271.639
420.841	871.3012	274.4295
431.5688	921.0855	299.2161
461.909	864.1349	300.2942
553.3651	852.6972	305.572
517.8431	851.6577	323.577
510.9123	859.9293	332.1366
474.6064	875.7656	328.8204
588.8389	802.1787	334.9552
512.5641	839.0814	356.379
575.9973	882.4534	387.8357
539.2949	836.0453	390.0399
514.5935	954.7022	390.222
750.6909	812.6016	211.1949
724.3741	857.4922	208.5409
663.2794	859.7034	212.8219
638.4504	976.924	216.39
786.0734	999.5894	215.1539
792.554	845.8026	213.5579
707.0406	845.007	211.9159
618.471	956.4529	222.2981
787.9357	997.6056	215.3098
654.4486	886.6508	249.3679
638.6277	967.7551	232.3052
670.7798	962.5461	255.0347
688.4001	895.9702	256.868
604.3831	869.338	268.8921
752.7987	818.0516	255.0132
698.6531	938.3127	280.3095
617.3556	836.1534	278.7142
781.7119	903.3452	267.3793
786.2783	887.1268	279.1502
671.2609	967.1957	297.7272
673.7344	894.5757	297.7665
699.3542	942.797	291.7131
781.22	978.6593	296.4684
668.5596	891.0826	302.0486
627.8169	805.6267	317.0654
713.7221	948.001	304.9088
774.2213	981.7467	314.5325
725.9138	931.9722	312.7751
495.2114	350.0975	170.03
543.9009	295.5999	181.4343
482.4201	342.9615	185.0955
455.831	229.2476	198.5055
530.1601	267.6255	186.4123
716.5081	220.2818	2.9088
741.5296	255.2062	34.9492
642.9247	275.3987	35.2543
797.9991	352.6079	40.4096
750.3535	238.2237	44.623
750.5404	296.8873	46.6621
657.1359	216.3268	69.9683
657.3278	240.1668	74.5544
741.9774	394.3688	82.5392
765.1111	341.4832	96.1779
753.6467	336.4312	98.3518
637.1843	381.8213	123.2031
653.2592	307.743	131.5198
639.1901	264.3437	149.7129
694.7845	323.8373	152.5245
626.7264	373.9522	148.5858
638.6391	364.0168	153.9358
758.9718	399.0793	145.495
712.4147	208.1021	183.2876
723.2989	231.8518	183.6308
750.7432	237.0721	196.499
625.4133	398.1275	172.8169
718.0277	353.4406	195.119
990.4442	316.6073	25.7764
977.9689	218.1345	52.2948
965.4763	201.1351	51.577
995.9454	203.8179	55.577
867.2977	387.6918	53.2188
829.9293	310.6751	64.4291
875.2168	388.7957	72.0596
974.845	235.9702	75.0142
868.0298	398.9444	69.2442
957.735	234.4741	86.6737
824.2607	223.5885	95.6015
894.2841	208.4875	112.4875
899.1087	208.4807	113.5839
901.7828	208.5158	114.5701
923.3799	209.8189	117.1274
911.8359	214.4209	126.5586
868.8179	277.976	146.0244
976.7722	355.4479	151.3679
809.3615	257.9182	152.9759
906.5996	213.7434	151.4883
867.539	278.268	154.7934
906.0561	212.8162	163.9674
839.3002	247.2169	165.5429
985.2078	367.8176	172.8231
982.1053	365.5252	171.6517
899.1385	385.6714	189.0007
823.6979	251.6395	179.1177
947.167	225.1473	181.947
911.157	320.3617	193.5508
901.9721	333.3388	199.5565
4.6427	488.3267	17.56
3.3464	567.8672	17.4557
122.9327	433.4304	21.6465
1.5867	572.8745	19.2406
132.2291	426.8362	19.6985
10.7815	537.1367	24.9644
173.2906	434.032	21.0918
117.5524	440.3509	24.4142
136.9633	572.2058	58.0435
18.1767	570.8046	51.664
32.5919	474.0489	65.5453
20.4441	469.0892	74.9291
145.4656	406.9454	75.8649
132.7859	549.1959	77.9286
42.1823	449.0277	88.8046
154.1359	515.8895	120.2236
196.5235	575.8244	129.3535
157.6875	523.2779	126.6572
64.2835	503.3268	127.3342
168.8973	588.1872	145.9742
179.1235	485.9764	145.9128
7.2814	527.2231	143.9552
112.2832	559.8705	154.3337
115.667	563.5289	150.1132
88.0871	504.8369	144.5172
132.2549	407.6312	155.1722
126.2903	405.2049	166.1067
13.0342	553.553	165.2465
153.3699	550.4504	195.0289
150.7097	549.8875	198.6861
332.6811	545.796	21.5658
300.1918	546.1313	14.0905
289.2747	575.5803	13.9375
347.0266	437.9152	11.3174
333.0701	540.1839	24.8222
201.8707	529.4031	36.1398
315.1013	487.6929	49.7949
214.1101	504.1095	65.7071
213.4911	464.166	60.6006
381.6053	411.2282	54.1557
355.0176	576.3148	68.7443
239.0293	562.0963	77.0285
249.0939	585.3575	84.2758
232.1419	567.4194	123.5657
332.6456	587.8385	125.6869
218.9673	554.1903	138.859
324.3228	515.493	125.4539
220.1654	560.5286	135.6068
266.4188	405.4539	138.5279
333.9515	570.3171	127.48
268.0212	561.9234	138.1014
227.0727	421.3617	146.0347
224.9689	542.3724	168.6327
972.8859	152.227	428.5611
839.9325	149.2009	431.346
981.5357	147.5879	430.9038
979.9579	162.2765	424.8224
903.1876	117.2163	429.9184
838.2679	141.2856	441.8694
993.4135	148.5715	443.345
972.478	146.1978	448.5799
896.8211	86.895	473.7226
864.6868	44.0349	479.9488
864.226	40.3073	479.6543
850.2123	100.2078	524.3748
871.511	118.8558	517.0499
950.6548	148.7939	535.9307
968.7401	197.9018	539.7409
847.4862	55.1495	531.5503
896.3812	113.7621	546.8596
842.1889	27.407	562.9362
854.2347	22.6836	567.0613
933.5303	119.8337	570.1866
838.6353	158.8156	571.7849
827.2353	153.6273	573.8932
817.3564	189.035	568.1735
884.6718	62.1931	581.9741
876.2723	66.0467	576.3949
963.4765	147.2462	588.5447
867.2004	174.0204	599.795
191.2433	232.2196	415.4462
127.5887	264.8302	422.0666
87.5748	239.3047	456.8485
22.1026	230.5677	460.1891
126.6211	324.8658	449.0607
163.539	283.7567	446.5651
96.663	336.2878	482.5811
81.0851	218.6286	491.6995
88.4408	222.289	492.7451
57.1666	236.1514	530.4649
123.6133	357.4225	546.5207
100.8439	239.3579	552.7759
72.9126	275.9734	556.4693
160.8016	282.2144	559.7974
139.2094	343.7156	564.485
91.571	376.2438	590.4216
115.0223	312.0562	595.8637
74.9944	372.7725	599.8254
360.9399	373.0017	406.7987
235.9759	376.0952	404.5903
300.8661	341.6607	405.877
203.6099	268.7697	421.5517
383.2536	263.3323	430.2689
311.0871	224.3106	449.8987
283.6123	241.1889	474.7607
215.6847	322.1704	466.5112
303.822	238.453	483.3314
300.2024	238.9708	482.1556
263.7413	338.2917	490.086
337.7009	227.2608	490.8904
255.5867	262.1624	495.2991
318.8384	287.7592	491.3931
255.4883	334.6361	500.898
234.2108	231.3642	505.5341
302.1697	203.2157	503.1029
393.3474	354.9746	526.2664
263.8733	326.556	524.9165
363.4948	262.0439	526.7178
334.7141	306.4594	550.2207
233.6984	332.1195	550.192
337.3664	306.6141	566.9946
282.5909	219.9405	590.9821
592.3318	378.287	411.5221
408.9588	296.9456	422.1218
547.4359	274.6727	438.8083
583.7161	295.7129	439.2863
546.1221	243.9191	450.2911
230.4663	543.4764	189.8408
430.1385	504.2373	11.9257
551.3158	491.0512	18.2747
511.7096	585.226	34.5797
482.6676	465.3004	24.1198
494.0074	595.05	45.5822
466.6728	519.161	86.8912
587.6876	505.3867	84.4812
404.2238	578.5055	92.0881
472.3319	466.8149	97.9
436.5913	537.959	96.0392
430.1929	450.769	105.3192
571.8812	502.8521	95.7473
478.5734	518.2504	94.6371
563.4035	486.2599	111.8704
429.9051	526.9288	117.5715
420.7555	569.3182	129.8351
524.3243	540.5022	146.5609
523.3372	471.4675	162.2673
548.5338	416.7778	179.5821
688.6483	542.2059	13.0925
694.4542	439.4194	25.9836
670.848	550.4693	25.7538
632.8205	487.711	37.4905
611.606	491.8831	35.3194
749.7109	401.4591	50.0564
626.0024	531.7947	54.8383
661.7494	451.046	65.809
767.7518	430.4124	64.3449
646.0012	446.4971	67.6083
741.4119	584.2499	73.4312
701.3232	466.9843	77.2741
742.7026	586.1177	74.7187
768.394	487.0841	90.9452
698.1884	499.3864	81.4997
656.266	547.8662	85.1539
676.5486	559.179	85.9512
658.1477	560.3843	90.801
654.039	574.8676	94.6399
783.1736	490.523	138.2817
703.226	419.4596	141.8994
708.6713	524.5987	149.2015
690.9949	469.3209	161.0969
679.0903	462.5417	166.9471
682.6495	458.4104	173.6086
785.964	571.7686	182.5349
669.8087	565.4927	176.5362
663.4177	467.5486	173.0566
657.1404	425.4756	178.3664
691.2783	462.9877	182.8279
683.824	453.1161	183.9378
867.4212	563.5563	1.2503
826.9544	553.2694	0.8236
847.5001	531.4287	6.7267
851.3632	503.9846	18.4458
990.6791	562.5767	19.3455
825.0063	538.3421	16.5356
987.5346	499.8153	42.6153
870.598	594.1002	55.4588
865.8829	592.6934	61.8223
998.8151	436.0817	76.4736
995.2709	409.4879	68.6656
815.6889	485.9287	66.2084
886.804	530.7404	77.9221
942.962	423.8973	80.1374
931.0836	508.4451	89.6473
932.426	436.955	91.5601
958.1221	589.5895	91.1733
951.4213	509.207	100.9502
982.8169	410.7651	125.215
986.454	553.4102	146.5599
965.0117	524.7632	148.4487
918.7988	458.2268	165.1585
805.5881	591.6494	164.7638
936.6584	454.1638	176.1553
978.6841	527.6993	170.2114
804.3345	460.4198	182.1948
873.7272	450.0955	186.9005
948.6834	456.1508	187.6856
997.4408	407.1331	195.7246
950.7701	457.112	192.8187
2.5852	614.7981	22.9105
95.9713	621.6291	36.6565
157.7095	790.2283	30.1652
115.6558	635.7492	42.2882
82.4301	744.7997	47.1082
55.1762	765.3224	47.3914
101.8394	621.7595	42.3003
96.7886	668.352	61.1547
94.2631	659.373	53.7116
44.9915	775.2043	57.9457
39.9089	782.5455	61.2162
181.5593	656.9344	66.6209
111.9059	727.3987	123.6245
12.9261	671.8606	124.2083
109.3156	735.8636	128.9563
147.9304	767.8185	143.2978
113.3348	721.5855	145.0876
107.6503	733.9105	166.0894
186.26	781.1674	181.7781
101.4733	750.6906	178.1094
34.3952	722.4821	189.1487
119.9548	744.8038	188.7027
66.3227	718.2203	185.7266
144.446	784.8043	194.1249
43.1856	727.9072	1.1078
247.8432	783.3472	9.7359
218.2538	621.3159	18.7142
643.7088	292.3997	262.7183
766.2785	368.9153	272.2922
682.69	289.7251	278.1321
778.4463	347.0796	278.7157
693.4025	206.1234	293.2312
731.2783	214.216	308.1457
600.0486	292.0274	319.7867
716.4026	269.5109	329.7713
697.6251	262.1525	336.9287
720.1423	322.4575	335.5263
767.4817	271.6839	349.0634
773.4641	271.7755	350.7418
781.1836	263.1743	349.7366
773.0588	265.4727	356.6815
602.5397	222.1492	394.3715
950.8634	348.1909	223.6089
860.4871	250.7059	223.5174
868.0905	231.4765	222.0603
972.024	228.6491	234.1712
848.9056	263.7886	227.1865
804.7045	220.7077	250.3204
935.1576	305.9582	235.1666
807.0842	223.9564	254.5065
944.7778	382.0271	265.7873
841.0746	384.5142	278.8286
998.472	244.4004	280.875
892.1194	238.3124	287.5905
833.8227	323.2886	295.3014
891.3658	241.29	290.2911
808.754	244.8489	309.7807
896.5562	259.3247	305.7998
884.3229	232.0778	322.4794
872.2473	388.5193	339.1783
845.4069	364.9555	330.2314
866.7648	350.5289	341.5241
901.1179	370.0151	347.8493
937.5511	322.6884	366.0998
896.8583	332.7605	370.9799
933.6441	356.1736	376.8033
991.8147	303.1723	381.5866
823.0246	266.6544	394.4641
153.0078	504.1236	206.4655
97.3207	416.869	214.0091
77.5827	577.9909	218.938
17.0299	413.3756	227.2949
39.4169	460.0044	231.2203
143.9304	472.452	237.0184
35.3916	460.0069	233.1851
75.204	413.3145	237.5076
29.9318	418.4091	237.4229
141.8325	435.6444	264.4441
126.8601	560.4645	276.0779
92.9468	555.1843	282.8776
191.2393	557.9911	286.9464
65.3881	417.7126	295.2203
124.3899	475.5667	301.4167
20.8436	534.278	301.6149
123.1574	415.952	308.0115
38.8113	406.7249	298.8977
169.5773	442.9921	321.9493
57.8264	526.6517	357.0031
47.685	564.5409	358.7746
195.7053	551.1041	361.9226
141.7405	491.3541	363.5728
133.2681	478.1057	370.8326
174.7063	587.6275	377.7201
168.0423	460.6085	372.209
264.1969	508.9642	200.4688
356.9401	587.1347	200.6579
203.6439	448.2557	234.5549
265.695	524.2424	239.1397
227.7855	463.624	242.5825
387.1762	476.7684	254.1712
218.3288	497.2798	266.5892
269.5662	526.0106	286.2973
270.186	522.1883	280.6014
265.429	525.2618	287.7267
885.2342	935.4017	143.6285
874.5309	899.5197	198.8252
914.9491	893.4641	198.0541
181.7692	85.8968	213.7293
158.5737	2.6682	206.8328
176.3642	93.9144	221.4071
77.5071	42.9699	260.3564
85.3416	8.5692	265.7043
119.5412	19.6898	267.5137
0.967	109.1432	292.3612
177.3472	181.4226	297.5387
180.1066	89.7282	300.904
35.6582	196.7069	298.9922
196.6715	109.4506	305.0424
67.7792	180.8848	337.4545
87.4518	36.0128	348.0161
94.3941	77.0901	347.3721
90.8078	49.1085	347.9115
175.1165	50.3077	351.9929
170.3878	147.9784	385.7282
60.3483	146.5078	381.6184
54.4553	143.4417	383.2862
179.4299	160.7777	391.4871
166.2328	117.7028	399.019
340.6595	185.6732	206.6304
238.2228	18.5785	207.9137
396.2361	77.8932	238.7084
204.2158	199.9698	253.7399
212.6959	178.7463	257.3798
324.6945	160.7543	281.0132
346.5407	155.9445	276.4253
368.4761	139.748	281.1113
331.2516	88.8669	289.0031
312.8526	146.9797	293.6382
265.4383	55.2385	289.2657
214.2433	175.4393	310.273
219.5334	187.198	307.9041
265.6569	0.3214	305.3299
203.3339	149.3572	313.9741
344.0538	188.7311	326.5838
333.4158	151.0578	316.508
240.5898	167.685	320.1971
334.5639	198.1813	336.2918
262.2744	192.965	325.076
330.583	194.1802	350.8203
285.9153	190.5627	340.419
304.2554	194.2556	354.9106
283.9087	131.1713	367.6451
324.9313	162.0152	370.5273
325.9037	198.4376	371.3015
228.5716	57.0608	384.1873
343.6683	16.0289	391.4022
397.8617	175.6151	380.4102
327.241	186.5051	377.8829
390.7189	131.0329	382.1714
353.0382	142.9377	394.3715
568.58	106.2963	201.6702
443.1769	33.2029	220.9982
559.5164	29.9344	219.9808
466.8881	77.5602	232.9472
593.5649	78.3396	235.9574
511.4242	68.0662	242.4385
429.8089	109.59	233.5249
463.889	121.1358	240.7803
477.5039	65.5129	238.5849
463.3066	59.2015	238.7598
475.9202	13.6008	248.459
595.3113	34.596	299.0288
592.4905	33.7591	300.1924
594.3576	107.8688	295.1965
591.1704	33.8987	299.6231
592.9302	107.5902	297.7466
411.8673	53.3992	305.6409
554.5663	120.4162	306.1438
497.9369	6.0935	300.4032
522.2373	106.558	306.5271
425.2343	196.1784	348.9956
417.351	174.0671	369.5654
591.4498	177.4469	372.1822
544.8994	19.0225	391.0925
552.8686	56.4514	398.8685
705.6464	188.446	212.4355
659.3574	63.8026	214.8748
732.9985	116.5852	225.4722
635.9258	38.7198	221.2871
746.2627	69.3036	239.3609
679.8962	94.291	243.7722
737.7418	80.427	301.397
675.3825	134.9684	297.0499
643.1929	21.1503	307.1374
736.0181	168.6506	311.2385
642.1716	111.5574	306.6536
644.0338	16.3499	311.1796
797.0748	108.4972	312.4086
719.0587	76.6711	317.5606
737.0428	165.6518	315.6835
633.0906	140.2246	323.4921
605.0883	4.1011	319.0519
739.6481	163.2291	320.054
646.6248	9.6255	316.4908
644.4579	72.6843	345.6644
621.3104	97.7886	348.2364
643.8232	80.8165	362.9535
620.3715	52.8307	372.2295
689.1752	293.7261	449.1558
724.0292	227.9642	440.317
787.7177	350.4312	448.3401
663.1894	333.7181	455.1129
716.2922	221.3429	448.8279
689.1605	291.4621	452.3921
651.5123	241.8746	478.2584
741.8183	295.785	478.7623
718.526	232.4795	479.2788
608.6616	387.5587	509.2871
618.5444	385.8054	510.5087
608.6258	211.0128	519.0879
791.3508	200.637	524.6867
788.668	348.402	533.6179
680.9155	300.118	547.0431
778.2177	360.5875	549.2994
618.2493	205.4322	557.5219
685.7213	283.2517	552.4027
613.6763	234.5273	554.0225
632.4552	297.1415	565.5425
600.8955	224.3322	589.9926
893.8796	244.4823	404.1435
809.2212	344.4739	403.3672
931.4039	318.4199	415.8966
935.7363	325.4912	414.0697
887.0037	216.8613	446.6602
896.2193	240.324	439.7111
818.1396	372.4283	455.3172
927.9257	349.9579	440.0263
926.3008	221.3164	519.1828
810.5861	210.1912	515.2651
806.6881	219.1207	521.2955
900.9753	203.7898	534.7244
869.2473	361.1393	523.5341
869.5754	271.6211	531.1349
963.2869	210.1474	551.7566
892.5772	213.4648	543.6147
819.2659	225.4588	540.9824
902.9186	352.1482	554.941
986.5702	206.8632	574.1473
924.8701	314.3796	556.9612
970.9117	209.7121	571.3519
858.0747	385.4226	581.0131
850.2808	248.8953	571.3616
815.3212	392.3926	582.281
806.7336	392.4889	589.2165
108.0588	504.66	404.4218
27.9919	483.8062	417.6133
65.8662	475.4179	417.4816
102.4778	536.5487	407.6268
127.6774	528.804	427.6628
118.1241	567.8898	482.3338
45.2609	522.6152	493.4558
109.4801	555.584	525.1436
98.87	539.6975	534.7413
166.8004	550.2553	531.3398
14.6824	595.4996	544.2182
136.3179	532.6771	539.3158
154.7656	541.597	533.9246
24.6712	559.1785	566.9557
131.0626	538.0471	562.0789
3.6037	484.5782	587.2346
76.0782	467.3008	593.3602
134.0272	491.4342	591.8464
104.3248	455.8509	597.8602
224.3069	434.5912	400.1087
221.4665	438.7604	412.5226
357.7998	484.6269	409.2513
316.3523	593.9916	415.8351
270.5109	555.9658	414.8966
275.7615	408.5489	455.8584
294.3444	418.2569	480.8945
387.8779	518.7243	480.1569
264.3935	458.3563	473.7064
234.8383	405.1153	481.7424
261.4395	493.6418	500.6291
299.4332	453.1266	502.9893
386.2752	556.8499	506.6861
377.79	471.6183	511.4267
377.9115	401.6682	513.1238
373.0114	407.0941	515.7312
851.0755	29.1675	208.6539
945.0441	55.9068	219.7831
863.897	196.5631	214.4967
841.3382	31.2898	211.5619
905.4292	125.5951	220.9002
848.0406	103.3522	259.2196
853.1769	66.5216	265.3049
983.2211	60.7294	283.1976
989.8088	194.5019	286.7351
800.6235	54.9579	296.7285
892.9813	131.6713	295.1278
878.8784	18.0975	318.6774
969.2333	185.2839	321.7722
847.2353	146.724	332.4095
803.702	63.5507	335.2597
810.4015	41.3649	346.0594
834.7326	20.3496	358.7064
827.679	185.2236	355.879
842.7225	94.9604	354.1066
936.9969	80.5503	351.6616
809.6154	195.0182	357.8228
825.4809	25.108	365.9752
915.8406	173.1224	380.4521
803.4323	5.7404	385.1226
849.2563	144.1888	385.014
923.8267	184.3462	399.3568
57.0849	253.2293	211.2365
29.0707	371.5369	211.2268
66.1648	222.6419	248.2561
45.4379	234.7183	249.3884
62.348	214.3351	251.0293
189.4082	262.8046	265.9
51.5885	218.1548	271.048
135.2885	358.7791	286.2127
13.8558	235.7019	293.3918
1.6796	210.9449	295.8549
122.3802	300.1069	313.566
86.8057	264.6337	314.5344
122.7217	384.6791	312.7146
152.8084	240.3097	330.476
39.7904	325.5426	334.0272
165.282	301.2988	338.8794
167.478	230.3509	337.7071
198.6972	240.6835	349.5359
43.0986	324.0163	347.9333
155.8684	299.8237	349.1572
24.7255	325.7248	350.3115
17.3255	321.2635	359.2091
39.0797	325.71	348.299
142.6976	319.1475	371.2318
199.3826	349.3587	387.3936
199.3109	363.7136	388.169
277.7049	299.8663	226.2484
237.9182	396.8716	217.197
361.0377	205.5505	228.3234
360.9196	208.7478	230.11
209.8898	376.7735	241.2753
288.8667	245.759	254.4469
322.0589	246.2112	253.8412
305.5896	245.2924	269.6895
280.2112	376.4233	266.2247
219.5095	326.7511	269.8335
348.379	235.4518	277.1013
256.8134	206.4804	292.9212
294.737	285.3075	279.0704
307.0992	252.3932	293.3947
221.044	200.6333	308.081
264.8447	214.4318	320.0526
321.1939	316.8208	319.4324
260.0424	337.2398	318.6218
384.2573	208.5124	329.1785
245.0133	258.0455	340.6203
326.9247	397.3503	350.7292
342.9651	391.1634	346.305
234.6839	381.1337	365.8861
235.6374	367.0879	366.1241
237.83	371.1515	364.949
381.3003	337.1994	374.369
229.8265	248.2514	370.5052
233.2806	240.3808	374.8165
284.8441	320.2303	381.4575
215.6042	320.4824	383.1957
374.5098	328.2094	387.7829
284.9394	325.1247	392.8009
200.8644	339.6473	388.4786
459.2219	370.7221	232.5621
598.7195	363.2608	256.7827
548.7152	267.1986	258.8205
421.6479	322.5904	302.2012
585.8177	226.9646	304.2809
483.1042	361.074	320.2698
538.1652	292.0912	312.0481
403.6537	250.2149	331.3824
444.018	300.4478	332.7685
400.8869	381.9837	347.0373
451.3588	207.6269	374.4257
514.5017	320.0304	398.6758
587.9687	205.7251	398.3305
717.4238	200.1474	200.6256
740.0245	215.257	206.7191
746.9835	395.6089	214.4621
758.7115	287.6009	213.6056
645.022	259.9088	210.0199
689.5078	201.4294	225.6791
741.2938	306.7382	232.2106
689.8339	277.9854	236.9426
773.1324	397.4466	238.1443
732.8097	204.9023	235.3794
736.787	318.0464	242.6692
473.5716	456.9867	528.9821
582.2939	427.0258	524.5339
475.9835	542.3013	510.8414
449.0921	435.9406	536.1426
578.1013	415.4129	534.0179
428.0618	493.6369	526.3091
484.5948	542.092	515.5469
462.7756	456.0055	531.8629
454.2569	446.605	543.191
470.8504	581.3802	534.4635
484.0125	433.6823	560.9025
453.5827	435.0802	549.3542
583.5956	407.9147	551.3572
499.2176	450.9226	558.2108
467.3056	432.1484	558.5796
517.3074	461.2307	568.6328
435.2357	406.4938	574.0285
468.1179	519.3259	580.0485
499.2599	427.0608	574.072
598.1358	426.7152	579.2665
540.6161	430.7759	577.9025
492.1116	519.5164	597.9862
797.2323	537.8755	400.0081
634.6971	452.4848	476.4203
671.837	513.4398	473.689
606.439	526.606	491.1028
715.0141	483.9981	516.8571
719.897	491.0304	520.814
652.6145	550.5606	516.4493
792.6265	430.0219	526.9744
743.447	479.6572	537.7895
688.2974	470.7492	536.1191
672.0701	439.7301	555.0505
748.1797	401.6489	551.2816
775.6034	451.6259	570.4918
698.3254	422.3713	591.128
697.0707	407.4624	596.2175
789.7731	506.7557	597.7322
934.9626	463.3285	417.2055
808.3552	569.1396	416.6063
985.6983	519.06	428.3083
907.8715	447.2516	430.6307
829.2122	480.4839	432.3356
990.2454	548.4481	434.1057
865.6877	508.3717	436.7055
857.5616	577.0677	432.1372
922.5059	468.4138	454.5052
909.3209	566.8138	464.1788
970.9528	512.7753	482.3969
868.1252	518.2377	476.9858
867.1384	591.5764	493.599
968.8111	516.1563	494.9258
858.1455	514.085	493.498
956.7485	543.8448	535.9191
914.6801	487.0073	544.0099
956.2371	546.4116	544.0656
913.997	460.6818	553.397
958.0168	555.929	559.421
800.8856	575.788	575.337
963.5645	565.8288	570.1374
829.9069	569.6739	581.2849
847.519	400.1111	586.36
846.8181	409.1852	595.2536
132.53	714.6343	400.4729
174.7236	619.6248	401.7865
135.9191	615.8917	407.1425
185.3682	626.9946	404.5841
109.549	693.4093	408.7994
143.2143	714.1458	408.3935
98.4239	734.5241	409.373
31.0712	776.1932	435.3921
119.9634	721.2142	436.7038
46.2186	705.5403	445.6801
69.2949	785.4282	428.5234
160.3405	635.5983	452.884
169.9589	626.6082	456.7966
363.9344	98.0468	504.4855
294.9189	108.1838	516.4775
349.85	182.6684	522.9164
295.8914	94.5805	533.3167
271.9681	143.5818	547.4742
214.8549	62.8841	542.9238
320.3415	89.8007	551.5897
373.2334	43.0138	556.0802
320.6205	12.2604	565.6945
246.1888	164.4164	553.64
275.6884	114.1924	561.0319
275.8074	134.3293	554.8821
261.548	129.6551	561.671
253.7458	8.1084	572.2991
308.5191	129.6437	570.1166
230.4986	159.4368	567.0134
383.3881	43.3875	581.1894
308.6508	16.6992	594.8004
242.4874	59.442	597.2637
560.6295	18.8981	407.7193
586.11	95.5415	443.1895
467.9387	193.5125	454.1878
579.6796	91.5849	451.393
408.8942	39.0332	464.3344
461.7161	16.3656	469.968
405.5768	152.2133	465.4972
410.5526	52.7253	466.7663
493.1883	196.6994	471.2819
564.3011	59.038	475.7978
403.8096	26.9629	482.5498
449.6213	31.4795	500.2768
400.0279	109.8045	530.3586
429.9926	42.8969	544.0914
400.6394	105.9936	535.7765
459.9452	158.4546	554.9838
401.1079	80.8284	549.0868
443.9919	157.7713	585.6426
486.1423	115.916	598.8368
470.8828	118.0587	599.5651
626.5856	100.622	408.4085
710.5778	176.8383	423.1311
667.4711	25.5728	428.7107
691.2449	146.2546	424.476
717.9629	114.0528	435.004
736.6255	168.9919	430.8602
673.5768	63.4686	441.0552
674.5933	182.0202	441.8966
717.3206	109.7147	442.1202
695.5768	199.9671	438.5496
675.6086	79.2391	439.6819
717.7868	106.7548	453.7593
747.6248	23.2838	468.5891
637.3911	19.4778	463.4111
724.4959	105.226	467.6597
660.7421	151.4255	475.3416
627.9527	132.4061	509.3342
682.8903	109.8637	554.8107
641.8082	126.2274	562.0333
679.3693	116.2311	561.0873
771.4377	159.6015	570.9113
646.1157	45.011	570.4059
630.9706	185.8091	562.5872
675.0823	133.3753	566.3511
615.0949	111.9925	564.6035
665.6949	4.1273	580.2416
791.4249	81.5536	593.8815
730.8292	55.668	589.6834
996.8164	127.2309	412.2724
693.9559	383.7746	747.2285
711.3575	271.2793	765.0186
726.7839	308.9094	769.0549
617.0584	363.1759	792.6047
612.3771	349.6241	795.2058
606.6507	357.0427	795.3671
608.6818	347.0231	795.8735
878.4764	261.2462	608.6302
917.612	286.531	610.6635
884.3692	222.2127	613.8401
843.0799	307.6942	621.0557
951.5994	226.3663	619.7833
853.0029	366.7633	621.6407
861.6126	335.5363	633.5085
927.08	212.5947	633.2973
956.5514	390.0873	635.2181
900.4365	398.1031	639.7711
842.9819	213.285	635.0483
908.6915	384.9892	645.3099
913.3004	245.1269	642.0526
808.4365	373.2649	648.4823
943.5281	263.8801	656.9072
882.6655	398.3561	656.7341
926.6152	230.3879	660.813
834.2677	384.6389	671.3482
964.2552	397.4082	679.803
894.3034	216.4122	665.5511
878.6863	229.6535	671.0759
954.9315	329.0059	684.7905
918.6178	228.5444	677.6055
826.7217	394.4712	702.007
889.9873	390.2416	702.8422
819.9244	394.3759	702.4449
809.7591	292.108	708.9366
805.8794	329.365	712.8366
913.2983	222.514	716.5791
839.2547	215.9807	729.9706
954.2363	239.6173	742.1257
951.9654	240.5592	741.3777
964.058	237.3367	743.548
866.9213	215.2578	741.4828
899.4923	324.1529	743.4497
929.0643	299.3186	749.5152
873.715	354.0006	753.314
810.5964	220.4619	758.3982
937.6266	277.0612	768.0024
933.0406	266.2987	771.2659
827.3488	287.729	788.2265
973.9597	200.2004	776.9507
960.3787	395.0304	795.5371
999.2003	314.3411	796.3499
841.4534	368.3848	797.8638
839.8517	293.0643	797.7482
995.8692	312.9529	798.5862
972.4916	349.2522	790.9877
181.539	580.3957	607.7362
5.0155	590.0029	600.9578
97.4381	582.8456	611.2341
3.984	542.9434	625.0175
193.1058	566.369	633.3549
120.2969	521.1472	637.6776
107.6002	509.3456	638.6346
108.1736	409.4967	675.6703
184.1457	468.5136	685.3186
171.4262	485.2051	688.5327
18.0013	497.1946	676.445
139.0408	583.5815	674.1527
20.6444	478.5407	688.6688
135.3855	547.1179	700.1103
42.2778	527.747	703.7036
139.2474	556.4121	711.528
145.4015	548.2593	715.1002
65.8086	484.3246	722.4811
145.5949	550.6696	715.5354
190.1969	599.726	735.0226
108.8824	548.5655	736.1663
5.1217	488.0511	729.7646
190.1812	586.8488	742.5728
184.9431	599.7659	739.4498
83.5478	563.3895	745.3121
196.2206	588.4913	745.2181
145.9678	424.7717	764.386
66.0491	484.7761	759.6906
82.1554	495.4106	765.3591
127.1402	453.2929	767.9858
197.068	589.5366	753.1356
72.4038	502.1071	764.9421
153.1269	543.0094	776.2898
129.1402	500.4514	782.4756
123.5527	400.3821	782.0724
166.7281	480.8245	789.137
132.2076	421.4628	796.7917
252.1482	402.2988	608.704
387.7468	539.7041	608.9566
366.7447	529.7032	618.7144
369.7158	566.3754	629.9828
369.5064	563.208	632.1969
337.9464	526.1802	635.352
370.7898	555.6816	632.2921
352.5162	598.5388	647.3187
242.9683	556.4164	675.7482
230.0249	562.9783	682.2511
251.4861	556.1028	677.9216
223.5312	431.3383	692.6893
331.5713	496.3651	686.6671
239.8617	548.4544	692.1284
319.1208	467.7009	694.9755
230.6886	418.2212	701.5357
242.28	452.3187	727.7568
288.1836	448.1754	727.1558
283.2313	446.4366	733.9443
219.6469	551.1869	734.4595
233.0803	450.5443	758.6599
341.6949	459.1874	763.3902
255.6661	519.8102	763.8327
299.4277	584.1025	773.9891
327.9281	459.6584	797.507
908.3214	446.6135	353.0905
890.775	408.5852	364.5486
825.0021	476.9563	377.2299
868.0377	550.1548	387.811
919.7825	498.6974	394.1613
908.8699	558.4949	391.7882
130.5691	794.8072	211.2921
132.5197	662.2097	235.5873
19.1173	777.5681	223.8749
138.5822	791.7248	216.0273
108.6589	676.2397	236.0892
197.9295	659.0457	239.4881
77.5369	777.78	226.3409
40.534	767.1042	227.5864
169.6196	632.4524	230.1179
14.4184	646.2535	231.1733
114.5266	678.6529	245.9889
144.791	656.6053	241.0157
32.2463	613.9819	236.8602
114.759	682.6291	248.0836
188.7549	767.6566	274.2367
80.9265	636.0704	264.3917
154.0087	677.8876	263.1067
188.7594	637.547	281.2042
112.2985	637.5665	293.6068
3.9329	699.689	305.93
174.7947	792.8345	306.726
126.6966	708.9336	327.7721
22.0325	622.2114	327.1631
7.2359	719.6086	332.3476
199.6754	687.548	336.0603
177.8714	738.3082	348.1223
178.6424	799.9789	355.4197
188.459	649.4695	374.4897
196.0126	649.5237	373.2206
26.023	761.6621	377.5972
75.0021	766.4398	378.7386
137.2994	651.4448	377.4525
99.6922	690.6358	384.3344
25.9133	767.3267	389.3941
122.6032	788.0055	399.4257
159.7518	692.7909	399.2631
32.7488	762.9966	392.966
70.685	775.3953	397.52
170.7057	795.3492	394.6727
110.0677	776.3267	398.7721
225.8598	617.5505	202.94
238.8904	639.8598	206.9584
222.5714	606.9426	213.5056
387.3957	776.0335	231.2751
253.9642	776.6869	247.5758
202.2389	651.3325	254.9498
288.5742	784.8005	259.7063
393.7198	710.1276	253.4462
298.4871	748.3464	256.1254
284.033	605.0261	253.9377
295.239	778.6733	258.821
293.5289	779.421	259.2326
233.5836	720.778	264.2087
232.4664	625.6724	295.524
329.0655	670.348	299.0884
275.6234	760.0225	303.1368
209.0686	640.2818	312.8478
202.1471	728.3926	313.7011
203.9403	695.507	320.6809
300.981	640.5374	333.4745
214.372	653.3417	327.4246
853.0659	71.0002	735.39
889.0155	68.267	729.9965
831.2271	118.762	728.3011
974.3683	164.2124	741.2526
833.1882	76.3141	760.912
928.5949	40.5747	757.7234
835.9185	52.9472	770.7332
898.6094	140.2	759.8717
855.0165	23.8975	779.5899
979.9974	112.3271	797.2951
119.9218	328.8453	612.1982
62.4513	290.6063	623.4224
61.8514	399.8376	618.9279
102.0659	345.7801	620.6172
90.6416	337.8726	626.0847
135.8011	208.7702	630.6056
41.7515	244.8626	650.314
94.7658	330.2437	641.9753
44.2585	253.705	654.6291
48.9063	290.2929	652.5875
0.44	389.7394	655.7419
34.3459	290.4587	660.0654
31.8594	297.7225	661.3134
35.0009	283.349	662.1138
60.086	222.0182	692.4072
85.6318	360.4038	710.9608
72.0234	235.9175	702.0801
2.8139	204.147	708.345
15.0611	219.8172	720.05
139.5563	245.388	753.9158
47.7866	352.3441	750.3168
126.2663	309.5178	759.8347
133.1762	358.6392	760.2886
181.2367	295.4504	776.2854
181.1942	280.4704	777.8036
161.2898	349.0444	785.5856
185.773	280.7917	785.7648
199.7361	213.1661	793.7938
199.9406	334.4994	795.6663
14.2451	261.8033	796.9888
198.7526	274.6661	796.9772
242.652	211.3248	616.3565
246.3322	208.278	616.4607
210.8857	201.3862	625.8929
243.2576	204.8625	630.428
240.0823	351.4471	638.6965
255.8216	219.2759	638.0783
348.6726	294.237	663.6512
261.6294	231.2756	651.0552
268.4875	238.5803	652.4602
391.7558	349.9338	679.1732
377.6945	257.0055	690.7656
381.4791	204.2714	699.3526
367.5222	262.347	703.2275
368.964	225.7218	704.2672
269.6074	343.4218	708.3188
284.6549	327.2312	717.3826
323.5192	288.1588	744.0626
272.543	229.7901	761.8448
221.1272	276.9088	763.5613
361.4005	293.0514	758.2003
239.0271	311.3767	771.9962
246.5575	208.1212	770.8167
236.6942	315.4807	775.436
348.2309	281.7182	782.7984
200.0429	346.6071	795.1866
499.405	227.9492	608.2195
592.7813	390.3419	604.9846
449.2623	259.6881	613.4223
482.4552	242.8965	630.3977
498.6485	250.0197	630.5295
498.4828	250.6275	630.8177
480.6347	332.6223	634.8349
523.4019	296.0904	643.577
551.0219	301.5141	650.3945
529.513	206.8424	659.1233
526.6849	308.909	647.5651
506.9221	202.8218	661.129
584.9963	288.5491	662.4774
474.3213	335.6695	664.0297
408.8173	267.5164	681.3978
490.6046	240.7361	670.7438
408.4601	267.1675	681.2809
559.4539	225.5095	703.5214
409.7134	285.7126	698.3604
584.4764	237.0142	711.0234
578.3007	250.0747	710.6327
427.3246	340.0528	711.5785
511.5718	301.0799	713.3864
426.5412	322.0201	719.6683
574.4875	201.6273	722.1113
521.8462	253.8576	732.6989
559.1887	360.8324	744.3526
550.3307	230.7193	732.6971
576.9422	276.8647	737.1352
583.6924	212.3104	746.52
582.9278	201.7335	755.2686
577.0927	315.8762	758.3286
562.1394	318.6436	763.6329
431.1247	284.3234	774.8636
473.2131	360.4203	771.7651
427.244	217.5336	777.793
503.7366	226.1661	769.6804
486.2861	328.0888	782.5095
513.2216	397.3953	793.0514
588.487	396.3404	778.5467
567.943	356.8889	790.2025
497.7294	397.3601	798.7756
405.338	300.9271	795.1684
596.0821	352.2273	797.9287
692.3077	390.9153	602.0677
680.5615	382.0849	608.1854
672.0563	375.4435	620.7574
774.3517	233.5032	638.8091
669.5706	374.2856	622.2645
657.9265	380.8457	631.9092
776.4205	235.382	638.2216
655.8827	332.0842	635.1295
625.3914	686.7972	362.1933
611.1392	755.3546	381.0816
773.4012	735.2668	386.1691
645.3384	719.009	381.0193
662.1078	770.9548	395.487
680.0338	797.824	396.1122
742.2065	717.7335	392.2184
802.1865	718.2651	202.2167
825.5442	699.9653	203.0607
815.1942	688.4185	202.4753
868.0483	641.8411	225.5068
924.7911	761.5757	229.0304
905.5847	791.6206	238.8876
837.4539	679.0091	236.9642
864.7155	636.5139	257.3299
874.5037	726.5886	261.6507
931.7007	602.9135	253.3156
966.3742	704.8799	258.3286
824.1869	669.6193	261.1926
907.0795	779.7534	271.6716
857.0362	633.1526	274.7907
883.1882	753.0071	274.1044
846.1662	642.743	279.1927
858.3718	790.7778	297.9388
900.3466	618.1639	299.3769
864.1284	788.7104	301.9356
889.9593	660.7589	310.8862
818.2617	663.0548	311.8412
942.0939	676.6945	325.8998
819.4466	783.8228	326.2028
876.9292	725.9003	329.5388
931.4102	761.666	329.6071
881.4295	780.3268	340.2135
863.5781	642.4116	336.8239
943.2195	664.0757	341.3882
877.4489	766.6978	343.0167
865.97	778.5944	359.2395
949.9605	776.4076	365.1743
958.8171	786.4631	364.3055
929.112	712.293	370.305
871.4977	779.2119	370.8374
931.2469	764.2945	382.6088
966.5864	785.9348	372.9401
981.2391	787.2487	383.7387
878.4433	627.4518	391.1729
898.7563	755.4805	387.2804
913.7595	768.5541	383.1959
888.9573	625.8563	397.9695
896.7579	770.3241	399.4711
134.4133	802.9595	204.2372
7.0947	846.8287	210.1542
14.6158	988.7123	217.2409
180.4707	997.4649	214.0569
113.8561	840.6158	236.2382
155.2543	988.9905	237.5407
154.0524	817.0827	263.5959
108.734	941.9146	268.311
157.3455	817.6206	282.6706
73.8363	866.0932	287.063
36.2141	917.0402	284.2769
98.2119	960.1179	293.7116
181.1035	903.189	294.4609
93.0965	963.1816	295.8025
21.0664	926.4648	289.7305
37.3437	916.5247	293.7018
19.3281	924.604	291.6979
143.4144	804.3298	305.72
174.6022	967.0983	290.4169
6.1668	884.6256	315.0968
1.5936	880.347	312.4148
134.9058	830.1081	319.5269
145.4658	925.0797	316.1917
165.4162	862.044	323.0476
83.4082	934.4846	317.0587
196.3364	848.5789	328.8108
162.9197	862.9261	323.0042
394.3745	670.7901	551.6833
355.7765	619.799	547.5984
325.7875	780.6569	567.641
207.1826	611.4308	562.2819
360.858	677.1244	562.4675
239.1956	637.4492	563.9769
337.4321	788.1895	579.3876
203.9321	798.4804	589.7411
369.198	674.6631	584.3595
257.6085	716.6058	596.3727
203.7579	695.5231	596.3289
392.2845	652.8529	595.8262
577.7341	735.8008	430.731
526.8558	657.3166	441.9918
436.5411	735.8557	439.8733
587.8914	797.444	441.2678
519.5817	715.4636	458.329
537.0787	739.3087	467.7174
517.439	727.7387	500.1138
453.0218	621.8842	502.3969
417.8545	749.9981	515.8409
442.2159	739.963	529.2791
493.824	697.7822	539.1068
510.0187	735.9639	541.878
400.9781	754.8135	544.8438
521.2139	790.0218	557.6351
465.6436	613.1951	568.4973
467.7064	677.7967	574.2275
472.8146	625.5158	581.2291
634.7513	714.5814	405.6323
762.9741	773.5677	407.0145
723.0729	737.9496	407.8821
736.7191	757.0621	404.903
634.3196	769.5726	425.7124
631.5144	772.1125	428.2077
705.7474	664.8248	428.3301
714.3897	650.648	433.2757
637.0582	773.4937	437.3741
789.8625	779.0876	462.4385
784.9601	757.148	464.1327
649.7095	797.9728	475.0892
680.7958	723.4263	517.0552
641.5159	788.6144	489.2882
748.7837	691.6268	506.1463
604.9962	762.749	524.988
658.0956	753.5678	531.085
688.0507	733.2745	537.3093
638.59	608.4507	554.9458
658.8682	717.3995	557.1901
619.4631	690.4122	552.0579
774.9115	676.1049	573.3885
729.9664	700.5737	564.9658
638.207	723.8544	562.041
628.0659	614.7847	571.0341
622.2228	760.5239	598.3151
794.4597	751.5573	599.1398
930.6949	692.0609	401.1078
822.176	609.2917	415.2807
984.8016	622.3799	409.8381
904.4811	769.0432	411.0142
824.9071	626.3629	421.7277
875.7127	632.8636	422.4884
837.3846	611.971	426.4604
842.5682	609.5092	429.3044
833.2299	650.6924	455.1914
905.4116	750.7095	451.8694
857.3376	744.3098	470.7171
885.8088	753.8575	483.3281
988.7057	651.5868	485.707
935.6182	692.5153	520.0732
981.2451	672.321	523.3876
930.6186	700.2914	522.622
882.7086	660.308	541.5112
951.9586	631.9321	568.4179
820.5202	651.9984	578.9772
837.1227	643.1366	574.5125
938.9275	671.9651	571.416
988.5731	615.9884	575.5354
976.4606	708.3162	574.9842
848.4635	741.0964	571.0305
861.0886	659.0056	580.8724
883.941	729.1985	576.4672
959.4929	730.0765	581.7627
851.903	643.1403	588.8761
824.0456	741.0742	589.9552
990.542	607.3037	596.521
991.6443	601.9714	596.2424
4.3377	884.4534	405.9706
83.2852	801.9407	406.5198
60.2655	959.0512	416.7707
21.3376	827.6979	424.4326
60.4098	961.6382	427.3678
149.9189	900.5327	453.0386
32.4204	813.7678	441.1573
154.8345	896.5011	460.8339
71.099	929.2577	467.8158
136.1432	916.9844	480.4517
25.2412	977.4212	479.8316
120.6606	994.3987	482.5999
58.6895	920.8896	489.8913
44.2948	952.7601	492.5312
87.2168	975.7822	485.4068
134.8533	804.2951	504.6936
198.4086	817.335	557.8843
150.9044	990.074	558.9158
56.1397	811.5457	590.2001
101.2001	958.0104	587.2426
191.1495	959.8282	595.3635
227.972	800.5892	407.699
658.8495	807.8371	338.308
756.42	826.1838	332.3752
602.889	980.8727	324.9536
722.2957	827.2465	353.5855
662.6854	804.7271	348.6785
735.6781	842.3109	362.088
724.3206	828.0888	355.5197
739.287	803.8328	362.7315
787.7969	883.8749	362.3707
637.9711	941.1555	365.8983
753.522	890.7903	378.4016
752.3715	897.6763	384.4911
682.3565	814.735	386.6233
620.5596	922.1309	387.2831
889.5374	901.4836	201.8629
845.5426	859.7357	203.4255
850.2487	821.5733	217.4118
988.7917	959.8307	207.9756
961.8685	853.6924	225.8019
841.1548	832.1832	222.4317
854.9083	809.1534	233.9651
837.7317	938.1819	218.1877
813.6865	964.0831	240.9889
920.4188	903.9739	241.4449
934.6075	988.7169	267.5674
943.9557	976.298	269.3974
947.049	971.8178	267.427
929.574	998.8432	300.652
966.4141	840.3958	285.7699
927.414	991.1489	301.1942
972.2126	804.8383	306.9062
968.4501	909.8975	303.2643
966.7209	810.3279	317.0795
801.5109	928.9182	340.2966
820.8869	952.2428	366.3222
840.1843	986.6393	370.9959
283.6266	926.9922	428.9134
356.5745	804.6175	434.8344
235.7916	812.4521	444.7299
247.3499	958.8371	460.2279
306.2993	967.3217	449.5996
220.8595	811.6821	460.7255
381.5334	808.1017	461.2879
339.3338	887.5434	471.884
318.3367	828.1287	516.8521
368.6752	836.9871	518.4949
223.2751	998.0514	522.0286
361.2606	850.5762	534.0071
357.1345	855.7854	537.6412
296.962	885.3483	551.6162
228.7387	831.1597	552.0486
366.3325	816.1351	568.049
337.6171	890.8213	568.3101
334.6862	883.4618	570.125
216.0146	822.2101	576.754
213.8314	821.7593	583.318
270.4558	845.0124	595.856
580.1371	868.7532	427.2641
507.382	842.5086	429.6966
506.4808	879.4075	451.9238
488.65	852.4303	451.0817
466.8216	898.9438	476.4818
430.9912	872.5579	477.5495
476.5782	842.6354	479.8886
599.9579	939.6482	492.5589
422.4884	902.2251	506.6197
521.4427	971.0608	506.5969
472.5831	834.4396	517.4484
594.5522	835.335	546.275
477.9553	903.8134	541.3528
474.2688	863.8993	554.1105
448.678	803.1986	562.7402
599.8083	850.499	557.1476
574.7682	819.4376	570.9218
468.7579	875.0208	558.5692
583.2505	810.5287	567.1492
567.9775	838.1688	565.6243
592.2874	816.4971	570.1838
552.4231	999.4478	569.4122
421.6839	851.3761	581.6785
599.2936	915.723	562.6714
480.7744	930.1193	594.5103
577.8394	847.8997	593.8115
598.9276	830.1375	592.8192
580.4685	821.8636	590.0367
574.6912	823.4088	591.6554
589.8572	823.6376	598.7842
737.4166	982.4806	419.5191
758.7141	979.1724	415.8711
667.0679	808.9786	416.8899
796.0454	831.4566	419.5322
741.5967	979.5993	425.0905
795.0277	968.6511	419.7982
734.1365	905.1451	430.0951
786.5003	885.4687	450.4329
796.5557	890.4094	457.2032
746.3337	924.221	450.7437
686.2581	890.786	461.9476
738.2754	973.0975	465.85
614.1721	852.2263	456.3165
609.5698	929.7527	470.815
705.264	800.0811	472.4888
706.2887	887.7101	493.4618
765.3665	920.7595	495.4816
607.7451	966.096	500.4081
638.6011	825.7542	507.0906
701.1051	815.1949	499.0106
739.9312	896.5513	521.5894
660.0965	946.0643	541.9594
695.0332	803.2058	575.0178
794.9268	807.587	577.6631
791.9682	812.5093	575.1254
750.2824	805.2204	588.4971
745.0544	877.7169	588.8418
698.3525	806.1414	587.8631
802.4297	977.1193	400.898
910.8411	827.4424	404.1382
912.397	971.6709	441.2111
825.0394	938.6745	466.8857
993.4454	812.4369	455.9056
977.0031	804.4951	472.7165
834.5185	941.8727	471.4599
976.6584	800.4485	471.6939
856.9954	976.611	486.7033
856.3093	980.317	498.2487
928.2704	998.4965	516.2767
932.967	926.8436	507.6794
834.3089	957.1722	516.6207
916.8549	985.3924	528.9995
952.1196	960.3401	526.8949
946.9941	925.6984	527.9518
802.4819	913.3602	536.8397
848.5635	961.4751	540.5153
892.6171	805.1124	549.5406
977.8307	979.7259	559.3176
853.0802	995.4297	561.4391
896.3176	822.8253	565.8889
990.9432	839.6154	596.2981
846.7373	974.1474	577.9819
893.7087	832.7448	593.5768
43.7993	155.0387	602.692
112.5562	120.7129	612.164
57.2448	160.7107	642.6176
59.669	160.5973	640.7498
83.4143	150.0728	629.7435
72.2917	152.8734	636.4655
32.7471	181.5164	643.3683
127.2578	118.4642	652.1805
103.7841	193.7677	642.6678
108.8934	60.7611	657.5662
41.9099	159.7882	653.9224
42.5993	160.2529	653.9327
349.1497	246.3656	928.8719
214.8451	328.0091	930.291
336.7597	243.7841	942.0999
342.3899	224.1293	952.555
209.619	262.4098	953.2242
332.0932	222.8281	960.007
340.8851	393.9766	960.7747
346.7006	280.837	960.99
364.9488	333.2769	962.1256
218.5501	346.4288	954.2228
327.5263	225.5213	976.2032
229.1705	279.777	973.7531
231.4907	248.0783	980.2573
215.2026	360.2453	973.717
239.3522	258.9468	989.066
551.8176	355.1962	800.9971
419.1482	311.8569	807.9043
477.7263	305.4909	858.7599
530.6407	246.1443	889.52
514.1866	378.5385	886.4241
525.283	295.5121	900.3628
514.4118	380.5504	888.5711
415.0788	220.7013	909.2658
451.7448	349.2923	912.6761
545.2054	290.6317	918.0435
509.2229	251.6709	925.5787
553.5778	236.8237	924.7476
504.4249	202.828	927.0394
477.5955	243.2038	931.4554
455.9402	242.3029	934.9962
576.4089	390.6719	917.5134
548.489	294.6906	936.9341
411.7971	292.7496	954.6264
555.0915	248.5868	453.0338
547.2166	283.0988	457.545
433.5858	288.7089	471.8315
496.6124	203.4282	472.595
533.7678	245.8639	479.3941
558.8073	321.3896	489.9017
487.5597	312.4098	501.3713
562.3965	319.631	499.5844
588.3077	363.2051	528.669
502.2327	317.3636	525.3631
513.9841	262.0656	524.9834
517.8984	335.8307	535.9932
444.7032	399.6743	547.921
491.8383	277.9073	543.7711
458.0535	201.9593	563.1485
447.5407	317.2083	551.6525
567.7972	330.412	549.2162
558.1752	332.6422	553.3699
575.7779	242.1297	571.6434
487.6682	223.8139	598.3054
580.9659	323.3908	595.4009
562.9631	359.4728	587.3097
726.0466	244.8564	402.5927
710.6288	235.6889	406.2011
686.3619	262.0257	429.0015
649.8322	302.1679	440.0908
687.4703	261.3146	430.318
663.036	284.0068	436.8457
492.8245	519.5845	789.2171
716.0736	528.0908	604.2031
689.098	476.6056	607.071
761.4404	551.0743	616.8148
702.1502	541.5737	639.6641
748.4826	585.2224	639.9966
600.9809	450.7282	644.0488
744.9332	584.1826	644.0405
737.0991	451.2327	637.6158
746.5081	451.5055	645.8091
740.3878	568.2767	646.2027
753.8256	462.2621	658.3911
791.4976	420.3228	674.335
719.6949	599.2576	673.4777
795.2847	409.6976	672.9189
692.1041	527.8541	686.8898
779.1141	436.497	694.1801
728.8171	595.7531	690.1074
679.7768	440.8354	702.8035
669.9977	532.7506	713.2242
645.884	410.5449	723.0774
694.3165	517.1057	726.5676
690.8893	519.3484	729.1051
607.9167	560.0928	727.5864
631.0483	551.1198	736.4786
742.241	535.1201	732.0406
722.5299	499.9462	735.0656
622.0778	557.8985	733.3666
712.5908	453.7372	769.8572
742.9772	558.0124	774.9764
796.4138	522.6625	783.6271
643.3257	545.6813	780.7172
643.2756	490.8738	788.1838
726.4163	472.3324	789.425
787.6981	444.4143	793.6744
691.7812	587.6571	794.2594
672.2997	538.3436	797.829
820.4039	525.9252	622.1727
957.9424	560.9728	644.0884
850.7283	592.295	648.2902
982.483	539.7147	661.1705
903.3082	561.3067	653.9047
940.5292	555.4053	665.5978
913.6663	421.8756	707.7643
922.1149	587.2406	702.5223
954.444	421.1712	721.2573
891.3082	546.8076	737.0394
982.8583	514.2184	737.5764
845.8325	546.9169	753.0006
911.001	514.9022	750.532
873.8931	532.5032	747.7504
894.5223	493.9847	761.1786
951.9103	440.0927	777.248
962.4384	435.6782	776.6441
159.0771	639.3796	604.5545
149.5876	758.4927	627.5085
170.8823	733.822	632.2843
190.4527	733.7521	641.5888
137.33	615.9359	682.6052
1.551	796.0986	686.1285
97.9445	653.8378	702.5742
57.7073	791.7614	713.2193
163.6159	685.161	721.2921
99.574	671.6736	727.027
7.2702	750.4214	770.61
62.0134	718.0005	792.9854
61.0146	625.1491	790.5286
386.322	772.9749	642.9749
320.6963	706.0748	649.0961
378.7145	787.9146	659.0792
270.1945	733.3297	680.8388
257.3719	755.0824	677.5063
347.1807	740.1118	704.9422
391.9203	715.5591	743.4329
233.13	787.093	748.1333
394.4685	752.8978	755.5627
397.9024	799.6677	771.9136
394.5858	743.9371	780.6827
396.0466	705.9146	787.1937
222.583	754.3486	793.1943
393.6903	772.7131	788.6279
394.3037	743.1251	794.1498
599.8904	770.6331	605.9808
549.5324	655.3586	615.901
586.2366	715.4044	620.6492
550.6979	659.3011	623.5754
109.7488	479.005	912.9238
195.7766	450.9217	921.1915
90.4666	533.7394	923.0641
126.0918	447.5244	933.2429
7.1198	418.1284	940.8752
166.9778	584.1477	938.2407
166.9667	594.0641	936.5978
115.9387	425.8954	943.1951
1.6353	410.1138	951.6605
31.484	458.0562	967.0507
136.4964	494.9915	986.2634
8.4489	561.8247	995.4283
355.6011	525.1969	800.2332
292.7894	472.7907	806.8062
317.9	462.3058	800.3546
357.5269	496.6641	801.233
253.3228	466.0943	812.4149
299.9005	560.0768	800.5782
244.996	482.9549	818.1493
375.2415	432.0446	858.1343
227.6335	546.0744	846.5288
211.386	546.097	860.3496
384.92	468.0325	872.9519
367.4068	444.6191	870.2469
359.9807	461.329	873.2205
362.8389	407.3705	878.2502
308.7495	402.2547	885.0161
392.1201	468.7684	896.2213
293.9329	590.8524	910.8074
293.7793	575.1708	915.4785
341.5579	480.8905	921.6462
225.8801	499.5888	924.7455
251.1553	479.3495	932.5156
234.7426	410.1476	941.0305
256.3192	461.7469	935.6196
253.7014	542.9213	945.9527
246.7099	563.3922	969.3318
231.3386	400.0764	970.4897
223.3934	583.9583	985.209
362.0009	450.1039	998.7028
305.7975	454.2923	983.5132
484.8531	480.2734	800.9067
501.8021	556.3397	810.1004
435.3205	573.3752	810.3124
458.2179	422.7131	822.2347
527.2552	577.5951	813.8593
475.7022	467.6464	812.7816
535.262	541.4301	819.2601
505.2835	597.5064	827.835
573.1115	562.3182	843.5151
425.0068	439.2589	868.4853
411.8029	445.3222	871.2625
492.1007	446.3167	876.4544
510.6167	596.0754	869.6627
506.1881	439.3746	881.5506
518.9637	538.8416	878.387
483.844	407.9073	895.3794
517.2391	582.5952	891.6893
516.5864	458.8472	901.5688
581.0287	537.3294	922.9613
518.4528	467.6463	913.1047
458.9079	568.3903	910.8781
499.7116	470.2193	910.9398
532.3923	432.0286	919.9858
130.0771	610.219	468.0752
19.0554	664.4265	480.3957
28.8323	698.3591	479.0089
160.2236	660.4443	477.7025
178.7277	789.0767	478.5812
128.3263	682.767	487.3742
103.7537	655.2522	495.5826
114.6214	653.6778	507.1039
106.2097	739.923	521.4976
177.2814	730.6406	538.532
33.8291	713.5771	560.7579
58.9955	679.7217	571.4828
82.1637	703.0023	598.9507
324.1698	643.3879	408.2036
364.0619	769.1473	405.2313
381.7484	622.6135	417.1174
228.5895	654.8387	402.2467
385.5826	703.8339	412.8056
333.4688	643.8264	417.0793
259.8351	691.834	412.1815
225.3165	630.2015	400.5697
275.8605	642.3439	409.8584
387.1411	706.2976	414.7644
248.908	730.8003	428.8992
207.5054	784.8354	436.2663
206.6871	642.9456	428.9138
253.463	729.1017	429.1361
364.4738	612.3797	454.3451
209.3183	633.2853	454.4348
387.1837	627.6727	454.2013
229.6733	609.0363	463.5992
241.2594	755.2799	463.3897
211.4196	638.1091	465.2849
350.3016	736.3646	480.9431
220.1669	719.4875	480.0664
201.3025	698.0574	500.9588
204.9369	737.3394	508.1938
393.6655	672.753	531.9663
383.3763	675.6824	541.6783
201.9314	889.6141	632.0921
343.0103	937.9979	639.2456
245.428	889.3516	650.6295
234.2254	943.6811	655.6309
268.6809	866.0994	654.1913
305.515	903.6658	662.7152
277.0057	969.0515	670.861
277.7497	820.1345	662.3355
221.5394	984.1075	690.1134
234.9603	826.0811	697.0807
264.0266	995.5559	692.1449
223.9533	834.4136	699.0192
315.7269	925.2175	707.2894
203.437	806.5616	711.101
279.7577	906.3254	726.9948
399.1031	849.8734	725.1743
261.8748	906.6916	737.8646
396.3228	858.572	725.1185
207.6799	972.3885	741.1013
204.1594	970.5686	743.9946
344.0816	928.7768	747.3329
358.265	983.2049	762.5859
265.6919	935.7703	773.0538
387.3789	851.2161	764.2111
257.4298	925.2618	772.7147
264.3592	935.6118	781.9
240.5198	990.7751	790.348
364.1568	932.0872	781.4485
311.0637	827.8774	793.8858
234.5805	990.6677	788.2161
268.0861	938.9325	787.815
342.0495	960.8899	791.1047
244.1701	990.5997	794.5733
555.4646	989.9814	600.1871
453.7538	834.2396	603.6433
559.4709	983.1018	600.911
593.1229	824.1949	602.6165
577.8994	849.5941	610.2735
478.5759	816.6544	621.9262
445.9092	807.6325	625.0159
447.0979	803.6156	637.3792
485.5079	954.5715	637.8269
595.1675	863.9694	658.2004
516.7619	955.0594	672.6578
550.1021	886.9568	659.7587
537.8463	800.809	671.3998
596.9252	822.4364	671.9474
543.3484	821.5244	687.6191
409.063	839.1896	704.223
400.7953	987.8589	751.8779
406.9567	986.7321	752.9632
579.7997	977.4199	771.1283
431.2293	946.6582	761.2487
558.7858	922.5314	771.8209
574.9906	968.9222	775.6068
420.0324	819.7945	781.2316
494.3694	879.263	781.701
406.9729	854.4966	783.9058
502.1856	890.5046	780.9118
515.5441	872.4883	791.3776
510.906	871.4868	790.0392
713.1528	839.5634	617.4592
765.8685	990.6066	621.0547
689.124	891.2643	634.7579
697.9331	891.9342	636.9938
708.5536	906.0807	638.0388
733.8635	998.7269	641.3726
645.67	924.9526	666.6254
721.8795	926.1388	671.8282
615.7178	994.3998	687.5962
649.9727	889.3164	682.4061
625.2836	986.0463	687.848
633.7569	864.4919	684.8508
666.3707	887.7948	683.2236
651.636	891.59	686.0648
636.1135	857.9034	690.3151
702.7396	821.6837	708.4104
631.7018	881.9972	704.337
751.0077	988.1022	728.9637
688.3329	845.4109	722.1597
647.1921	896.9403	726.8547
774.6587	870.4424	743.3566
787.6125	948.9249	759.1716
790.3594	964.2098	769.2756
610.994	903.4537	786.7476
942.5999	852.3066	604.1446
945.7969	826.989	608.3771
851.7035	954.4398	600.2234
861.442	805.1895	609.7377
855.236	947.4709	613.077
953.1516	872.0043	632.9372
886.4108	842.8445	643.065
978.5852	871.2203	653.9708
996.6238	856.2279	660.3177
884.5988	845.7905	649.7425
999.7468	859.5384	667.8027
832.2087	801.8123	660.9769
825.748	868.5837	665.3687
958.5715	951.932	665.5275
998.7833	853.2154	681.4145
991.3483	854.1692	684.3624
894.665	866.3083	684.188
857.0955	933.4662	729.1454
952.6384	954.796	730.8732
832.6558	964.6059	744.8312
901.6824	851.0234	725.7778
833.2267	925.0945	755.1602
911.0223	825.4269	767.0711
811.585	804.8234	796.3616
821.935	883.6716	798.4628
111.1971	37.202	809.1617
345.2432	429.9951	521.6241
364.8056	500.6529	516.9946
270.6636	458.6047	532.3448
318.9619	411.7054	534.4008
305.1874	505.7515	540.7647
364.6919	472.2542	539.4856
276.4744	488.3719	548.7591
362.3516	529.6832	547.8953
372.7162	546.8724	555.6461
267.9629	503.5316	553.5098
337.0956	420.2654	555.478
362.4515	534.9714	593.1285
562.4479	503.3444	400.5809
582.3182	518.63	405.3574
408.0826	527.0449	429.1548
531.8578	454.5925	434.8067
502.799	457.9788	444.1275
458.134	477.6797	452.0159
475.8873	493.8829	453.7012
465.2454	499.8094	448.5158
591.2422	517.602	446.7527
452.9742	594.2217	474.405
462.9711	556.1246	476.7076
470.5414	553.6448	495.0595
489.986	513.1569	496.5082
438.582	497.7493	510.4204
491.7175	516.528	497.3903
429.2141	667.2834	636.7847
417.2405	753.6155	647.7452
405.2583	789.9918	668.0795
559.7817	662.5205	689.0438
456.4326	731.1753	691.1458
403.3447	793.9984	687.579
554.2904	753.8086	695.7737
532.4603	684.6739	696.0813
422.2981	697.5405	736.6401
569.5259	788.5765	720.7615
589.4171	643.011	732.2573
440.6181	718.7728	750.3697
457.0602	734.9683	771.3062
536.722	614.551	776.938
428.405	754.7101	775.8714
424.2399	748.7355	787.9077
781.6123	739.4398	605.0245
759.5535	645.1217	612.7632
711.8959	627.2675	613.4059
771.5815	640.7867	614.7804
786.147	764.6318	608.4083
676.0699	747.3971	627.8666
659.4279	682.4933	634.1623
677.348	688.2667	636.4597
615.8415	602.4724	675.0835
737.8481	743.1216	687.8665
711.9202	607.6191	698.7081
743.1487	749.6403	690.2719
695.3773	765.0308	691.8242
648.7466	685.6486	703.8835
737.7025	715.5745	702.7148
732.4744	684.024	710.3817
705.967	605.8105	701.4753
793.5561	687.6982	714.868
606.5196	793.4893	697.8226
703.0836	665.1837	719.7402
622.1531	727.0352	725.3125
713.8979	679.0525	729.6652
639.869	629.2766	748.9349
773.5032	668.7442	734.6933
631.3347	701.2399	751.3491
697.3253	714.5958	749.5271
611.5604	637.7335	762.3516
604.8928	727.3842	755.2608
738.7215	657.8516	768.2939
630.6652	638.9686	753.137
630.5243	708.8966	766.8308
687.1951	792.3602	768.7988
676.607	727.9702	788.6361
777.9859	748.0546	792.7531
670.1583	605.5491	794.2267
604.4582	623.9505	789.9473
628.5211	711.3944	783.9526
841.9216	654.2291	607.0013
999.5165	640.1788	606.4056
904.1365	682.2108	622.8688
965.5021	651.2028	640.6339
970.6953	653.804	646.3609
815.0989	740.3887	694.9848
922.983	655.9073	697.2599
820.0932	706.736	703.864
871.5294	629.5356	711.2507
913.1094	612.3699	716.1396
982.5591	738.3176	717.7621
899.1003	635.6603	720.6172
830.8322	642.1595	737.5418
834.7012	643.9651	738.2975
916.8184	616.0058	747.3663
957.752	722.4551	751.7653
920.6644	678.4016	762.7515
862.0778	634.2565	772.504
848.3281	608.6596	778.2816
980.0206	637.1387	782.7498
899.6604	690.6415	796.9531
845.9294	783.506	799.9221
907.1873	679.8057	794.9944
907.6115	654.1318	798.0377
65.6383	906.5531	609.3546
76.1871	910.0776	618.8718
64.0365	908.4626	609.8276
168.0971	989.092	619.2795
101.5899	901.5487	629.879
146.5177	997.0591	627.9388
155.8146	998.6439	629.7682
51.0244	832.0546	636.8488
66.3661	820.191	638.41
145.5836	924.4567	646.9103
158.1073	980.8364	655.3974
113.4789	827.9059	665.5577
63.5277	925.0534	664.3953
58.3473	846.6829	666.202
15.7398	868.85	671.682
92.6658	892.6666	669.9022
105.7175	864.4891	678.0975
142.5123	967.5878	670.0605
56.1302	867.7071	678.189
145.2079	814.786	686.988
4.4459	858.7258	685.9192
96.6982	823.4565	688.2612
50.9788	912.8304	701.633
195.1031	862.7186	705.2237
62.454	899.0139	694.8901
39.612	847.6401	707.219
16.9811	995.5431	707.8732
46.636	963.2308	707.7471
188.595	968.6041	709.1345
181.1081	811.8122	710.0631
136.6716	856.5089	707.1502
1.6217	857.7226	704.0828
65.8253	978.6249	707.9185
181.8878	815.0037	714.2575
171.4402	948.1402	716.3452
57.9818	892.941	716.3182
159.2316	938.4137	720.9459
42.5348	841.3332	716.7744
105.144	810.762	733.0275
32.4031	982.499	733.6105
92.0627	910.4727	737.702
182.8263	825.3563	764.9144
92.2239	900.2736	771.2198
56.3311	936.8505	774.5546
189.0579	824.4222	773.6014
89.2705	910.5801	779.1383
191.0865	847.6073	786.5173
101.6354	885.9809	785.5033
51.4623	989.6946	789.2441
60.5333	999.9101	797.511
199.8701	850.5316	786.7725
166.2934	826.2012	798.3464
273.7256	907.7802	623.071
234.5005	978.8022	628.9679
244.9252	891.4612	630.7629
248.206	883.7819	640.1576
999.8441	408.6591	943.0006
987.1848	579.1696	957.4414
930.6973	407.8536	973.8699
975.7486	473.252	986.3101
828.6544	544.5538	983.0602
808.1518	565.4525	989.1922
931.108	437.8721	979.3909
851.765	579.4417	977.6531
989.9823	583.9137	989.3413
987.6802	484.9755	990.4608
830.4647	556.89	997.6263
21.939	626.6378	802.0468
94.4018	762.524	806.1096
19.6277	735.9277	812.4435
199.2202	782.5342	844.359
104.9807	794.7391	840.1556
108.1502	792.6517	843.3228
96.2447	790.4789	857.5242
111.1899	798.3093	875.0042
13.9359	651.4717	884.2345
133.2487	786.2669	898.1464
185.1349	618.9593	903.014
15.5532	765.8351	903.2772
115.6359	790.0475	895.2682
120.0154	665.733	922.0172
204.019	572.4908	284.3493
350.5357	567.227	303.6281
211.391	475.931	302.6568
340.3919	430.3124	343.6777
202.1618	505.6932	354.1873
316.3971	566.6745	350.3887
375.4374	500.405	352.9722
394.1675	516.8581	356.2973
249.6253	541.7971	363.306
274.9503	457.1892	365.0121
263.7439	561.6106	387.3665
258.6843	554.8207	396.4767
294.4452	567.1111	393.4936
524.3826	474.3669	217.3652
538.4867	462.5639	235.6935
527.9144	586.3386	237.932
425.8658	568.2637	248.0776
497.6901	592.5613	257.7142
458.7798	531.2126	271.6588
431.4794	536.5602	266.2136
187.8177	124.2902	680.2155
120.7983	103.5607	671.8484
41.8005	50.0091	695.7375
50.6652	16.4482	704.6903
180.9723	78.2378	704.0318
40.0269	3.7209	727.0002
76.7881	82.9315	737.656
108.9836	143.0962	729.9576
44.6834	80.2667	733.9304
32.8193	26.2365	738.9022
106.4057	96.1517	748.006
199.5287	161.541	752.2644
179.6672	82.4976	747.7006
144.5551	187.6897	739.6618
192.3611	167.9966	754.0042
93.0947	113.5063	760.9433
35.4345	176.4545	762.3652
172.1516	186.5514	776.9674
330.5125	12.9921	603.5024
201.2629	16.3832	607.8464
300.3379	22.0171	609.5372
230.6406	92.0858	620.6573
303.787	198.1317	626.2653
231.3809	64.6956	659.0156
224.3878	196.8235	675.1984
328.5305	112.282	705.3553
321.4388	116.5324	710.6995
205.1186	109.1301	704.8886
386.642	70.2174	707.5039
334.4886	152.2214	712.1259
386.4647	64.8577	716.8978
318.4022	190.0202	761.9683
314.9158	162.0095	774.5223
332.005	142.1029	786.903
323.5859	12.4805	785.2483
280.6	45.2311	793.8181
207.2708	62.3336	795.4018
591.6423	62.7822	600.6896
500.3017	132.2275	631.0953
556.8475	25.6537	619.6734
593.2008	137.5915	651.6046
572.7695	107.1744	656.9463
464.1831	130.7409	644.344
531.5839	148.836	651.051
509.3877	134.0351	648.2885
532.1909	55.3468	655.702
552.4874	126.7301	680.5544
581.5724	106.2223	689.9431
458.4674	162.9028	686.1507
550.4267	48.1685	685.3398
583.5995	103.131	706.195
512.2305	176.558	713.7054
566.975	113.8402	706.6952
503.6113	171.103	712.072
587.4348	85.3199	712.0045
530.7267	170.0728	723.9297
519.4432	181.6261	722.2354
597.3936	81.4813	725.6938
402.7614	11.8028	732.3535
512.8488	198.5969	731.326
512.8387	70.8166	747.1946
536.1217	176.1201	740.1662
596.3625	146.4187	754.8207
498.9094	67.8104	765.9658
574.2828	198.4166	763.2958
505.4188	70.5172	794.0974
719.215	26.3455	621.0038
709.6852	181.2545	645.0156
782.4298	109.0352	661.9375
602.4861	10.8659	681.3889
780.4238	128.9859	703.8104
607.4499	176.5807	698.7475
663.0374	110.8354	709.1389
609.2547	96.2072	733.4191
615.8275	65.305	744.5756
697.647	42.0633	760.0602
767.2359	72.304	762.9246
611.3764	90.2659	754.3732
650.2035	21.9002	767.4354
614.1022	114.6916	757.4289
610.4307	140.0101	762.4031
642.1379	31.4255	786.5432
625.9638	72.4239	796.6386
990.0183	183.3754	602.5439
983.3549	183.0048	602.7371
807.0327	82.6712	606.2211
993.6664	175.9717	614.3396
857.7309	196.3793	628.847
935.4091	2.6677	641.2587
882.0806	196.9476	642.0945
847.2987	48.1857	651.9174
814.7181	124.7911	690.2472
803.9308	110.5552	687.6091
904.785	109.4177	703.8123
826.1948	49.6733	697.655
966.9001	84.9305	708.0198
870.9076	160.7739	703.3304
818.6763	196.743	711.6508
875.2808	91.3901	711.7676
823.9456	63.8169	710.3517
977.7216	57.8459	716.4973
802.8558	197.5846	709.2119
895.8064	75.5924	728.5321
942.522	100.4872	877.847
984.9077	166.7628	890.6091
970.0203	174.9142	901.3472
842.9424	39.6473	904.0347
929.9032	53.0544	908.2504
890.2306	179.1372	914.348
963.0588	166.5487	920.7567
848.3253	87.0393	946.3032
967.1758	181.0026	927.3477
831.6999	66.2859	945.0982
985.7905	117.2021	954.7385
806.0289	160.7807	956.5073
846.201	68.4233	970.4236
858.7287	180.3043	983.7888
894.1293	50.9822	979.3738
30.0249	243.2423	800.1955
158.5226	345.7242	806.2477
177.5114	287.7946	812.105
176.5966	231.4299	839.0575
48.2497	275.7892	859.3143
9.3644	283.1134	856.2183
17.8394	246.5367	867.1213
171.0006	284.4675	855.4147
31.2681	259.283	864.8206
129.8224	321.4101	878.1694
145.8242	284.919	878.7301
1.9792	346.315	879.9697
9.0524	238.2943	875.4044
155.8096	369.5787	891.1165
109.2392	321.5159	897.3795
139.6449	370.5764	896.4408
112.6742	395.1272	903.9772
101.0899	262.4403	914.0923
45.4548	319.2223	909.7311
152.3924	249.2557	915.518
112.6449	324.2018	910.098
24.0624	319.6526	923.0767
98.385	218.2173	916.2225
103.6249	267.0303	917.9579
172.4984	317.4688	927.7628
111.2972	370.1405	943.2455
191.6377	251.5723	945.4138
194.9509	213.8978	954.876
34.8819	340.5227	939.0247
82.6259	376.2239	944.0956
52.7872	323.1112	944.9368
141.0382	366.8944	958.845
112.318	377.6389	948.996
91.7629	268.4357	977.439
125.2333	322.213	966.6396
87.2079	284.2186	987.3293
4.1467	316.0837	998.5001
302.8535	226.3295	998.9064
366.7917	320.4939	805.86
230.6933	335.6636	812.6858
296.5116	322.759	831.3284
329.1378	288.7028	860.8843
354.1377	254.5161	853.618
347.7651	209.1913	873.1955
629.6618	923.2662	828.7239
637.9558	940.4281	832.2528
748.7178	892.7992	856.4799
162.7329	605.8411	928.201
111.8646	646.5572	929.0542
184.8572	735.8211	946.1766
170.4936	634.8454	955.4108
152.8765	653.5967	956.3342
64.5023	605.5927	959.9124
56.1894	738.7451	971.91
52.8266	777.5359	974.6072
150.8412	636.3758	973.5961
64.7914	734.0668	976.5402
1.8662	741.8448	989.5402
339.4001	684.8881	803.3043
249.1441	752.2911	805.1366
230.6865	755.7932	801.4534
206.3295	715.9005	821.2278
281.3394	730.8558	824.2686
386.877	776.4711	811.1163
261.1485	740.4055	840.6592
220.5613	717.3393	852.3118
372.4456	728.939	852.6655
322.4784	639.536	870.1241
282.4341	761.4261	862.7535
351.8117	789.7755	864.6517
343.7095	797.2631	870.3275
203.532	680.9894	878.0115
203.8935	737.3806	870.4279
298.4746	715.0644	884.8038
244.3392	763.1412	884.0993
345.0058	686.6027	889.7773
290.3088	697.326	891.4769
298.1159	712.4599	889.092
320.6429	675.1115	896.1844
277.2022	748.569	901.5356
385.6717	762.308	915.2255
388.0617	764.3614	917.1596
308.6638	629.3002	915.6033
260.7341	799.6156	919.3386
328.132	993.1758	402.6104
372.6436	958.6971	402.0375
247.4266	878.0013	416.1456
110.7106	84.5452	820.401
42.8133	22.5298	812.1116
115.4787	86.6599	837.3254
110.5493	102.2434	846.3875
110.1494	1.0671	850.0297
124.2615	76.1988	848.7333
12.9138	87.6932	854.065
14.0233	10.2806	881.3899
19.9008	16.0094	911.2646
188.0627	149.3155	919.7762
77.2697	174.973	930.5733
62.7797	134.1927	931.2769
132.5236	69.1484	942.0223
153.4886	74.2037	943.5793
10.2912	15.0833	947.666
1.5159	128.578	959.9486
1.2182	22.882	964.9336
132.1944	96.77	965.4673
9.5149	16.4964	967.4636
191.4394	60.79	987.7456
160.2005	73.1865	983.165
206.0029	121.7109	834.371
255.2684	40.5737	862.3168
363.0536	126.7829	878.0932
240.4265	68.1511	879.6707
271.8511	110.2257	901.1302
384.4165	147.962	891.6763
214.8848	80.7137	897.7969
215.1464	159.6763	895.0792
285.0028	102.6213	910.4315
344.4534	19.4932	923.8268
335.1203	56.8961	950.1312
206.6807	174.2966	952.9429
223.1188	111.704	951.4051
333.7976	53.601	955.1176
350.8539	181.7965	969.0257
243.4358	153.2018	983.2991
344.3679	178.2507	968.4435
325.8035	111.1355	983.3434
374.2123	66.3475	970.5203
382.8653	157.7313	981.0908
306.8729	15.9974	975.2443
215.0981	163.0348	988.6249
228.5033	74.1478	983.4443
245.8937	197.7924	983.4828
267.3649	127.0444	995.5848
304.4574	100.0004	984.2225
382.6439	60.219	997.226
449.8911	137.8301	840.5288
451.3122	11.1441	855.9018
435.5213	51.6304	859.1765
413.1938	142.1432	870.2312
438.6608	46.9086	871.9299
549.6844	161.5913	887.4233
459.8188	17.1484	875.1613
548.8973	143.9528	895.1207
457.2883	133.8805	897.5633
549.0239	143.8908	896.7069
459.7446	42.4101	900.9424
491.0032	121.2106	922.9824
417.2783	1.4937	906.8411
489.1054	103.8806	915.3678
480.655	84.5964	916.775
472.3769	153.0622	923.2908
491.2638	126.574	926.1399
544.7316	173.0742	927.3892
447.3654	122.3544	918.2125
403.0	34.7677	929.9794
535.9756	146.7614	947.5858
468.5629	105.5578	987.2301
455.7716	120.1252	991.7849
542.1863	157.574	990.4621
516.0762	30.6673	994.4529
470.3478	103.2679	998.0356
772.0391	80.425	810.4861
758.9105	157.1841	820.6846
720.5991	184.9958	825.9445
754.3098	125.2558	826.3588
731.0989	147.4286	831.7829
783.5167	58.67	856.6422
745.19	42.4163	867.2589
794.0782	69.193	879.2489
607.7782	105.801	897.5767
640.9916	198.1052	905.8839
650.8831	193.5118	925.9823
628.1956	153.0937	959.2485
634.9271	109.2644	968.3071
789.3879	148.1095	949.9825
614.8907	160.4209	966.9618
609.6305	159.5983	969.0884
844.3213	58.838	813.813
837.1761	57.4827	824.0197
814.0062	199.0638	836.3318
982.0449	11.92	830.9935
928.0167	145.0389	850.4699
823.4647	169.481	840.1492
909.4883	187.2065	854.0646
809.3804	144.6386	853.3994
806.0151	158.6487	854.4529
982.2442	151.8304	882.5863
714.1132	956.3972	857.8249
736.9331	951.5486	862.5068
702.0749	962.7574	860.2338
741.5392	955.5821	862.9232
704.25	967.8827	871.2359
724.7733	923.9503	878.8094
746.6413	850.1635	879.197
658.7864	909.3586	872.9272
729.4506	933.0221	882.8087
666.5422	892.4835	887.0652
763.1268	997.7598	886.9906
646.0384	876.0181	896.1558
721.1031	889.5331	908.3759
784.2756	828.1599	955.7693
619.0461	847.3511	992.4882
992.765	973.1663	999.1403
978.8953	900.0521	803.0476
835.1407	978.8905	803.6022
981.9374	982.7574	829.083
802.1527	902.846	824.415
865.16	974.343	841.6436
944.2457	896.0708	844.8116
959.3461	889.7675	857.3086
898.6675	920.057	865.815
824.8946	989.704	853.0493
984.4327	976.5117	859.2331
984.9425	828.7798	870.5837
887.9626	929.3817	877.0488
946.1763	933.3376	894.7233
977.922	868.0182	899.8831
928.6437	831.8574	914.7769
878.6458	986.3991	929.1874
952.9791	829.8091	926.9759
911.3676	969.3199	946.0472
801.1075	819.9487	940.2799
953.9108	891.6195	936.2117
808.8257	816.3374	946.5297
803.4039	974.8407	960.568
957.5704	912.4998	955.7899
968.1477	829.4503	957.4813
899.9919	872.0327	957.2491
968.9417	828.8199	959.8698
970.4941	811.6708	961.5951
852.2261	954.7806	988.1471
860.2162	881.6326	991.2241
759.8428	307.5692	649.109
796.0204	368.8874	663.9442
692.5522	290.3048	672.2668
710.0056	366.9613	676.5101
697.1071	294.8683	694.8765
708.8582	355.8664	695.8627
698.825	289.861	702.3344
768.6616	249.9484	724.3551
753.2151	282.3369	734.0922
701.0462	364.9393	731.4757
735.1744	289.1569	734.3434
606.3702	313.1258	753.1816
687.7414	236.2714	913.0831
776.27	347.5219	916.581
794.4738	223.8378	932.222
661.424	283.7834	938.0344
784.1575	318.5759	937.5341
685.1436	327.7693	937.1562
646.5942	311.2468	946.926
750.7206	266.4131	952.2186
721.5656	393.9813	943.5335
637.2059	248.975	979.0616
635.7207	316.3337	976.4729
955.7036	398.156	812.679
859.5927	346.0062	823.9623
967.9597	238.9433	819.1395
860.3935	335.962	822.5663
800.312	289.0866	828.9777
838.6852	244.2308	824.06
930.5153	220.6082	829.49
990.1565	288.6984	825.8342
941.16	303.0769	831.9619
862.4106	342.6461	825.5611
865.9454	329.2198	847.092
992.3146	381.8919	856.0192
967.7422	302.9432	855.349
839.4636	252.2262	858.0891
963.1492	334.8305	862.1749
823.238	387.1812	856.4629
852.7659	328.5151	861.0039
948.9297	358.5927	878.966
993.9049	394.9926	882.8864
857.1196	326.5421	877.5786
894.3338	354.1897	888.2826
924.3384	362.7586	893.3041
959.8707	361.4759	890.3857
880.1354	328.6695	904.3262
892.9415	307.1162	903.0798
938.1433	350.1537	926.2441
844.5079	267.3978	944.0277
919.8184	316.1171	942.0324
938.52	396.4233	941.8754
851.4169	283.054	941.0248
923.5674	390.0103	944.4097
978.0529	303.4903	955.7144
928.812	383.5604	941.567
822.1934	353.7971	965.6175
946.1802	339.0136	963.6072
880.997	363.1573	969.1599
959.627	298.3143	988.0651
87.6949	400.1636	995.5281
82.5169	590.3603	806.6388
185.8439	475.111	820.8464
153.1453	492.1266	820.8666
100.7389	547.5546	829.6013
56.8178	476.5145	869.0663
81.9037	564.9743	872.1271
133.4417	464.3615	883.9379
145.0535	485.5084	887.5399
113.0227	452.3372	889.6935
140.7549	484.5515	889.2173
181.5349	414.2843	899.5255
135.2428	489.644	896.0961
16.0227	466.7034	905.5134
150.0711	551.6249	903.0385
128.401	497.7148	906.9688
246.6719	768.3781	945.8307
300.1586	711.6719	953.2798
380.0652	782.5979	969.4603
395.035	737.2011	994.1838
498.3393	601.9365	821.5742
466.4789	772.5586	815.7055
468.1126	712.554	820.9242
461.6823	799.4288	851.0258
548.6812	720.7843	858.2357
583.7065	779.1413	861.2884
527.5376	717.1379	893.4883
484.7068	722.5146	890.673
517.0201	664.527	906.968
549.3053	685.974	913.3292
551.6014	764.053	909.6207
541.8991	675.4209	918.7272
581.1981	762.5525	916.796
419.8977	786.3616	915.5953
511.1017	676.4184	951.9594
597.6309	702.669	978.9787
779.3814	605.1453	997.6959
790.186	609.9373	800.3466
765.5405	601.0221	814.7169
719.8957	631.803	812.9008
703.59	670.2386	820.9316
774.9411	771.998	816.9401
615.208	749.0267	814.9783
738.55	787.0113	814.277
608.0898	740.3826	822.3563
770.4302	772.0121	836.7904
741.347	642.0152	847.0803
711.5399	712.448	876.897
755.8067	651.5958	877.538
796.8849	659.8409	881.6119
792.4558	664.9626	884.1372
713.0154	735.3095	894.0308
749.6613	671.5847	886.4244
621.8065	724.4896	911.5709
705.6481	685.4794	928.7068
702.4117	701.8884	938.0107
650.129	658.9063	945.0014
649.7205	778.1049	951.0544
782.9402	797.0774	952.8912
607.9525	711.2657	963.2818
652.115	658.5654	957.1354
624.4224	688.491	969.2703
620.0653	613.0449	994.063
529.132	337.0042	939.4646
516.048	277.5459	947.2459
421.6213	296.3269	954.0018
495.4248	237.9225	956.0235
453.6798	354.8619	953.2071
463.3333	356.6624	949.1759
537.5251	367.8824	958.8734
412.7645	373.5837	999.9397
434.5292	311.6103	991.9714
427.0491	395.1625	995.8356
661.1432	398.9354	992.2643
724.2173	204.0655	829.3622
746.7758	339.4186	841.7964
781.0997	296.6527	840.8298
603.5916	281.4988	850.704
719.4354	337.0677	859.3815
723.067	303.0367	868.1536
791.2363	207.2604	871.699
668.6871	239.9742	882.4621
754.0008	290.574	876.2749
617.772	231.2428	888.8104
762.5641	266.3719	892.1927
771.9089	279.2818	892.8495
956.9833	630.9451	802.5475
830.0112	688.9509	807.4333
827.4229	703.6324	811.3754
938.6259	695.301	807.5901
942.3536	694.7209	811.845
933.3046	691.9586	808.8325
992.9644	764.17	817.1045
924.9363	799.2536	823.0765
947.4178	692.9941	822.358
841.7449	614.6748	832.1995
933.1344	797.5629	821.966
924.5428	799.5248	823.0682
934.0194	617.6039	839.953
901.2463	753.1132	874.7862
812.9755	649.5532	862.0721
833.2339	630.4501	883.2159
885.3156	625.177	882.8157
954.979	700.1489	876.3881
877.6205	621.6452	882.035
900.3411	745.6865	878.4012
903.4772	613.9978	879.6101
921.6057	630.8479	886.1196
837.3259	603.0177	914.2256
808.1859	604.8228	930.2204
892.2152	643.1906	946.7549
870.6506	794.8543	943.3557
868.8207	659.6762	950.7044
873.6712	601.2322	972.2126
877.7855	625.504	975.9301
939.0163	709.1825	984.684
891.404	638.909	982.4882
908.2933	690.0862	989.4777
96.0849	968.308	800.0086
113.5428	816.6452	807.2604
38.9309	841.3361	812.1694
85.4525	958.0089	813.4005
25.8957	819.3527	815.008
124.8383	928.3701	811.5388
187.3636	966.5115	833.3925
33.9249	856.2227	830.2629
173.9573	873.0896	826.2518
24.4179	856.8596	835.3777
161.8327	972.7786	857.062
198.0527	836.4885	844.8884
136.0367	802.9137	850.7884
35.8517	910.6575	864.8229
158.2205	810.1274	903.0357
155.2263	874.4095	910.1587
51.815	804.0858	919.5505
108.983	809.0895	908.0468
3.4069	973.7796	918.6926
181.0344	979.4956	919.0367
70.9103	803.7626	919.0691
13.2725	906.9755	933.7507
36.4946	821.1251	921.2611
77.6454	977.8946	929.7561
141.056	909.5188	936.1553
184.9536	890.8154	936.6744
189.2468	870.0745	930.8691
186.1585	959.5166	934.3456
189.1919	924.7358	944.028
108.1827	979.4963	952.0441
59.2249	927.5432	959.3365
145.372	819.7261	958.8765
187.5979	942.5147	944.757
110.7652	844.4012	990.136
93.3301	948.817	983.1366
37.851	917.2743	986.0562
130.7502	839.0084	992.0456
123.9512	902.5512	990.3755
489.4855	426.2916	605.3334
553.3466	553.8844	619.1572
417.9281	520.6002	618.1518
401.8568	468.7819	625.6274
567.2925	533.3446	636.035
481.8517	546.4593	645.7654
488.0014	429.3429	684.9513
579.2806	467.8828	704.8191
494.803	557.2345	716.0867
569.2359	500.6794	724.1439
567.4387	508.0186	724.3532
411.0038	436.2264	737.0836
540.7186	409.0345	743.1187
509.6858	418.5448	740.7837
566.2297	423.2449	755.5326
494.4264	516.3921	783.6231
401.3092	497.8608	781.2828
440.2795	493.0928	941.2565
427.8772	474.0662	940.3632
531.9115	439.0689	927.1736
401.2562	413.1918	958.2091
429.169	425.5923	958.5672
434.9522	420.9938	971.2971
585.3688	561.1761	964.4686
546.8402	512.1784	960.1086
408.014	421.4562	972.3838
588.1266	468.6921	980.8448
558.1516	419.9897	988.417
590.5045	521.8724	989.9067
457.8268	521.3181	995.048
633.7812	585.3442	803.2051
668.4733	501.14	800.5162
751.2895	576.5113	809.0732
692.0654	526.1288	809.3534
683.076	523.3122	807.0093
789.2596	509.7319	821.1838
767.5837	580.6867	815.3356
734.6987	494.9122	816.2112
789.2195	464.4477	818.0085
655.6677	489.3749	826.2461
677.7097	440.0306	844.8384
698.8815	512.7227	831.3931
789.8923	512.4982	832.7322
657.145	514.5828	828.8511
685.7066	439.7224	853.9337
773.8025	588.8992	870.7419
639.4379	495.3979	876.8664
731.9425	512.3646	884.8985
680.0953	432.7831	894.2309
778.688	493.2425	903.1742
675.5969	412.2252	903.8747
708.868	563.8649	914.8061
788.9797	412.0912	932.6285
610.5715	482.3189	938.7083
651.8177	490.2928	946.1556
722.1412	497.5578	950.5272
698.8629	590.3253	941.7675
665.9766	570.8149	966.4181
757.8727	491.3832	961.7692
721.9516	485.4433	967.744
735.4371	426.0801	976.6489
640.211	477.9279	975.7753
737.7123	482.5123	972.0823
714.9673	429.313	992.2734
733.6339	422.8385	990.1166
849.3083	567.2475	997.7312
872.0159	590.4392	992.5087
986.7008	588.9745	805.8632
958.0875	532.8282	805.8068
855.2836	535.0379	847.5433
824.4184	469.3708	832.5225
905.0966	570.9554	849.9761
901.3017	409.729	861.2228
860.2362	534.4432	854.1263
857.9076	548.9558	850.7809
834.5644	537.7873	858.4629
962.098	499.0775	872.6542
944.8564	418.8099	883.5621
822.2158	534.933	881.9362
848.7688	509.5453	882.5334
982.8373	493.6835	889.9627
900.2534	467.5237	905.4709
926.0291	430.8597	905.4656
884.6395	452.7111	923.1656
129.0083	837.6354	992.3804
241.1986	813.8475	993.2533
253.4853	955.1569	808.4875
232.6308	829.1531	824.3152
232.3768	809.0291	832.043
303.9768	813.443	825.595
260.4521	962.0707	824.6069
237.6938	812.0666	839.0277
383.0117	874.6536	850.581
270.044	908.8412	852.223
308.5074	994.8371	864.8441
257.1061	823.2344	889.8097
326.7256	847.7448	916.129
281.2386	804.138	930.0595
225.363	818.3842	956.3616
365.2583	871.4152	978.5936
205.4809	965.7412	972.4587
358.5827	827.2224	987.9971
218.9034	900.7521	987.0328
256.7501	846.2802	984.1116
599.8255	996.316	806.9418
439.4783	826.9326	808.3654
596.2512	981.4666	821.5015
547.0914	812.2495	848.5828
428.8116	823.0805	846.8123
534.2845	949.9589	874.4708
418.5256	824.3328	859.4133
531.5443	976.0855	879.0633
506.9841	969.4301	892.7396
412.1243	984.6303	900.4381
414.9956	988.4554	902.8149
517.6902	994.2108	925.8129
518.1451	963.4462	926.1833
426.8632	811.9283	923.7785
424.5645	817.3387	927.7386
424.5659	934.92	952.3321
556.3763	954.1852	960.4116
411.8363	838.3842	979.7745
467.1746	837.1494	986.8087
715.499	890.1096	806.2499
705.8122	864.925	814.4191
654.7938	944.3489	808.4033
786.4042	852.2895	810.2081
636.0118	937.3207	825.4586
665.9299	986.9252	815.9091
650.2923	922.738	823.6306
